2002  7 31  0  0 175
2002  7 31  0 15 175
2002  7 31  0 30 175
2002  7 31  0 45 175
2002  7 31  1  0 175
2002  7 31  1 15 174
2002  7 31  1 30 174
2002  7 31  1 45 174
2002  7 31  2  0 174
2002  7 31  2 15 174
2002  7 31  2 30 174
2002  7 31  2 45 174
2002  7 31  3  0 174
2002  7 31  3 15 173
2002  7 31  3 30 173
2002  7 31  3 45 173
2002  7 31  4  0 173
2002  7 31  4 15 173
2002  7 31  4 30 173
2002  7 31  4 45 173
2002  7 31  5  0 173
2002  7 31  5 15 172
2002  7 31  5 30 172
2002  7 31  5 45 172
2002  7 31  6  0 172
2002  7 31  6 15 172
2002  7 31  6 30 172
2002  7 31  6 45 172
2002  7 31  7  0 171
2002  7 31  7 15 171
2002  7 31  7 30 172
2002  7 31  7 45 172
2002  7 31  8  0 171
2002  7 31  8 15 171
2002  7 31  8 30 171
2002  7 31  8 45 171
2002  7 31  9  0 171
2002  7 31  9 15 170
2002  7 31  9 30 170
2002  7 31  9 45 170
2002  7 31 10  0 170
2002  7 31 10 15 170
2002  7 31 10 30 170
2002  7 31 10 45 170
2002  7 31 11  0 170
2002  7 31 11 15 170
2002  7 31 11 30 170
2002  7 31 11 45 170
2002  7 31 12  0 169
2002  7 31 12 15 169
2002  7 31 12 30 169
2002  7 31 12 45 169
2002  7 31 13  0 169
2002  7 31 13 15 169
2002  7 31 13 30 169
2002  7 31 13 45 168
2002  7 31 14  0 169
2002  7 31 14 15 169
2002  7 31 14 30 169
2002  7 31 14 45 169
2002  7 31 15  0 169
2002  7 31 15 15 168
2002  7 31 15 30 169
2002  7 31 15 45 170
2002  7 31 16  0 168
2002  7 31 16 15 168
2002  7 31 16 30 167
2002  7 31 16 45 168
2002  7 31 17  0 168
2002  7 31 17 15 168
2002  7 31 17 30 168
2002  7 31 17 45 168
2002  7 31 18  0 168
2002  7 31 18 15 168
2002  7 31 18 30 168
2002  7 31 18 45 168
2002  7 31 19  0 168
2002  7 31 19 15 168
2002  7 31 19 30 168
2002  7 31 19 45 168
2002  7 31 20  0 168
2002  7 31 20 15 168
2002  7 31 20 30 168
2002  7 31 20 45 168
2002  7 31 21  0 168
2002  7 31 21 15 168
2002  7 31 21 30 168
2002  7 31 21 45 168
2002  7 31 22  0 168
2002  7 31 22 15 167
2002  7 31 22 30 168
2002  7 31 22 45 168
2002  7 31 23  0 167
2002  7 31 23 15 167
2002  7 31 23 30 167
2002  7 31 23 45 167
2002  8  1  0  0 167
2002  8  1  0 15 167
2002  8  1  0 30 167
2002  8  1  0 45 167
2002  8  1  1  0 167
2002  8  1  1 15 167
2002  8  1  1 30 167
2002  8  1  1 45 167
2002  8  1  2  0 167
2002  8  1  2 15 167
2002  8  1  2 30 167
2002  8  1  2 45 167
2002  8  1  3  0 167
2002  8  1  3 15 167
2002  8  1  3 30 167
2002  8  1  3 45 167
2002  8  1  4  0 167
2002  8  1  4 15 167
2002  8  1  4 30 167
2002  8  1  4 45 167
2002  8  1  5  0 167
2002  8  1  5 15 167
2002  8  1  5 30 167
2002  8  1  5 45 167
2002  8  1  6  0 167
2002  8  1  6 15 167
2002  8  1  6 30 167
2002  8  1  6 45 167
2002  8  1  7  0 167
2002  8  1  7 15 167
2002  8  1  7 30 167
2002  8  1  7 45 167
2002  8  1  8  0 167
2002  8  1  8 15 167
2002  8  1  8 30 167
2002  8  1  8 45 167
2002  8  1  9  0 168
2002  8  1  9 15 167
2002  8  1  9 30 167
2002  8  1  9 45 167
2002  8  1 10  0 167
2002  8  1 10 15 167
2002  8  1 10 30 167
2002  8  1 10 45 167
2002  8  1 11  0 167
2002  8  1 11 15 167
2002  8  1 11 30 167
2002  8  1 11 45 167
2002  8  1 12  0 167
2002  8  1 12 15 167
2002  8  1 12 30 167
2002  8  1 12 45 168
2002  8  1 13  0 167
2002  8  1 13 15 167
2002  8  1 13 30 168
2002  8  1 13 45 168
2002  8  1 14  0 168
2002  8  1 14 15 168
2002  8  1 14 30 167
2002  8  1 14 45 168
2002  8  1 15  0 168
2002  8  1 15 15 169
2002  8  1 15 30 172
2002  8  1 15 45 172
2002  8  1 16  0 173
2002  8  1 16 15 173
2002  8  1 16 30 174
2002  8  1 16 45 174
2002  8  1 17  0 174
2002  8  1 17 15 174
2002  8  1 17 30 175
2002  8  1 17 45 173
2002  8  1 18  0 175
2002  8  1 18 15 174
2002  8  1 18 30 175
2002  8  1 18 45 175
2002  8  1 19  0 175
2002  8  1 19 15 175
2002  8  1 19 30 174
2002  8  1 19 45 174
2002  8  1 20  0 174
2002  8  1 20 15 174
2002  8  1 20 30 174
2002  8  1 20 45 174
2002  8  1 21  0 174
2002  8  1 21 15 173
2002  8  1 21 30 173
2002  8  1 21 45 173
2002  8  1 22  0 173
2002  8  1 22 15 173
2002  8  1 22 30 173
2002  8  1 22 45 173
2002  8  1 23  0 173
2002  8  1 23 15 173
2002  8  1 23 30 172
2002  8  1 23 45 172
2002  8  2  0  0 172
2002  8  2  0 15 172
2002  8  2  0 30 172
2002  8  2  0 45 172
2002  8  2  1  0 172
2002  8  2  1 15 172
2002  8  2  1 30 172
2002  8  2  1 45 172
2002  8  2  2  0 172
2002  8  2  2 15 172
2002  8  2  2 30 171
2002  8  2  2 45 171
2002  8  2  3  0 171
2002  8  2  3 15 171
2002  8  2  3 30 171
2002  8  2  3 45 171
2002  8  2  4  0 171
2002  8  2  4 15 171
2002  8  2  4 30 171
2002  8  2  4 45 170
2002  8  2  5  0 170
2002  8  2  5 15 170
2002  8  2  5 30 170
2002  8  2  5 45 170
2002  8  2  6  0 169
2002  8  2  6 15 170
2002  8  2  6 30 170
2002  8  2  6 45 171
2002  8  2  7  0 169
2002  8  2  7 15 170
2002  8  2  7 30 170
2002  8  2  7 45 169
2002  8  2  8  0 169
2002  8  2  8 15 169
2002  8  2  8 30 169
2002  8  2  8 45 169
2002  8  2  9  0 169
2002  8  2  9 15 169
2002  8  2  9 30 169
2002  8  2  9 45 169
2002  8  2 10  0 168
2002  8  2 10 15 169
2002  8  2 10 30 168
2002  8  2 10 45 168
2002  8  2 11  0 168
2002  8  2 11 15 167
2002  8  2 11 30 169
2002  8  2 11 45 168
2002  8  2 12  0 168
2002  8  2 12 15 168
2002  8  2 12 30 168
2002  8  2 12 45 168
2002  8  2 13  0 168
2002  8  2 13 15 168
2002  8  2 13 30 168
2002  8  2 13 45 168
2002  8  2 14  0 168
2002  8  2 14 15 168
2002  8  2 14 30 168
2002  8  2 14 45 168
2002  8  2 15  0 168
2002  8  2 15 15 168
2002  8  2 15 30 168
2002  8  2 15 45 167
2002  8  2 16  0 167
2002  8  2 16 15 168
2002  8  2 16 30 168
2002  8  2 16 45 167
2002  8  2 17  0 167
2002  8  2 17 15 168
2002  8  2 17 30 168
2002  8  2 17 45 168
2002  8  2 18  0 168
2002  8  2 18 15 168
2002  8  2 18 30 168
2002  8  2 18 45 168
2002  8  2 19  0 168
2002  8  2 19 15 168
2002  8  2 19 30 167
2002  8  2 19 45 168
2002  8  2 20  0 168
2002  8  2 20 15 168
2002  8  2 20 30 168
2002  8  2 20 45 168
2002  8  2 21  0 168
2002  8  2 21 15 168
2002  8  2 21 30 168
2002  8  2 21 45 168
2002  8  2 22  0 168
2002  8  2 22 15 168
2002  8  2 22 30 168
2002  8  2 22 45 168
2002  8  2 23  0 168
2002  8  2 23 15 168
2002  8  2 23 30 168
2002  8  2 23 45 168
2002  8  3  0  0 168
2002  8  3  0 15 168
2002  8  3  0 30 168
2002  8  3  0 45 168
2002  8  3  1  0 168
2002  8  3  1 15 168
2002  8  3  1 30 168
2002  8  3  1 45 168
2002  8  3  2  0 168
2002  8  3  2 15 168
2002  8  3  2 30 168
2002  8  3  2 45 168
2002  8  3  3  0 168
2002  8  3  3 15 168
2002  8  3  3 30 168
2002  8  3  3 45 168
2002  8  3  4  0 168
2002  8  3  4 15 168
2002  8  3  4 30 167
2002  8  3  4 45 168
2002  8  3  5  0 167
2002  8  3  5 15 167
2002  8  3  5 30 167
2002  8  3  5 45 167
2002  8  3  6  0 167
2002  8  3  6 15 167
2002  8  3  6 30 167
2002  8  3  6 45 167
2002  8  3  7  0 167
2002  8  3  7 15 167
2002  8  3  7 30 167
2002  8  3  7 45 167
2002  8  3  8  0 167
2002  8  3  8 15 167
2002  8  3  8 30 167
2002  8  3  8 45 167
2002  8  3  9  0 167
2002  8  3  9 15 167
2002  8  3  9 30 167
2002  8  3  9 45 167
2002  8  3 10  0 167
2002  8  3 10 15 167
2002  8  3 10 30 167
2002  8  3 10 45 168
2002  8  3 11  0 168
2002  8  3 11 15 167
2002  8  3 11 30 166
2002  8  3 11 45 168
2002  8  3 12  0 168
2002  8  3 12 15 168
2002  8  3 12 30 168
2002  8  3 12 45 168
2002  8  3 13  0 168
2002  8  3 13 15 168
2002  8  3 13 30 168
2002  8  3 13 45 168
2002  8  3 14  0 168
2002  8  3 14 15 168
2002  8  3 14 30 168
2002  8  3 14 45 168
2002  8  3 15  0 168
2002  8  3 15 15 168
2002  8  3 15 30 169
2002  8  3 15 45 169
2002  8  3 16  0 169
2002  8  3 16 15 169
2002  8  3 16 30 168
2002  8  3 16 45 169
2002  8  3 17  0 169
2002  8  3 17 15 169
2002  8  3 17 30 169
2002  8  3 17 45 169
2002  8  3 18  0 169
2002  8  3 18 15 169
2002  8  3 18 30 169
2002  8  3 18 45 169
2002  8  3 19  0 168
2002  8  3 19 15 169
2002  8  3 19 30 169
2002  8  3 19 45 169
2002  8  3 20  0 169
2002  8  3 20 15 169
2002  8  3 20 30 169
2002  8  3 20 45 169
2002  8  3 21  0 169
2002  8  3 21 15 169
2002  8  3 21 30 169
2002  8  3 21 45 169
2002  8  3 22  0 169
2002  8  3 22 15 169
2002  8  3 22 30 169
2002  8  3 22 45 169
2002  8  3 23  0 169
2002  8  3 23 15 169
2002  8  3 23 30 169
2002  8  3 23 45 168
2002  8  4  0  0 168
2002  8  4  0 15 168
2002  8  4  0 30 168
2002  8  4  0 45 168
2002  8  4  1  0 168
2002  8  4  1 15 168
2002  8  4  1 30 168
2002  8  4  1 45 168
2002  8  4  2  0 167
2002  8  4  2 15 167
2002  8  4  2 30 167
2002  8  4  2 45 167
2002  8  4  3  0 167
2002  8  4  3 15 167
2002  8  4  3 30 167
2002  8  4  3 45 166
2002  8  4  4  0 166
2002  8  4  4 15 166
2002  8  4  4 30 166
2002  8  4  4 45 166
2002  8  4  5  0 166
2002  8  4  5 15 165
2002  8  4  5 30 165
2002  8  4  5 45 165
2002  8  4  6  0 165
2002  8  4  6 15 164
2002  8  4  6 30 165
2002  8  4  6 45 163
2002  8  4  7  0 164
2002  8  4  7 15 164
2002  8  4  7 30 164
2002  8  4  7 45 163
2002  8  4  8  0 163
2002  8  4  8 15 163
2002  8  4  8 30 162
2002  8  4  8 45 162
2002  8  4  9  0 162
2002  8  4  9 15 162
2002  8  4  9 30 162
2002  8  4  9 45 161
2002  8  4 10  0 161
2002  8  4 10 15 161
2002  8  4 10 30 161
2002  8  4 10 45 159
2002  8  4 11  0 160
2002  8  4 11 15 160
2002  8  4 11 30 160
2002  8  4 11 45 159
2002  8  4 12  0 159
2002  8  4 12 15 159
2002  8  4 12 30 159
2002  8  4 12 45 159
2002  8  4 13  0 158
2002  8  4 13 15 158
2002  8  4 13 30 158
2002  8  4 13 45 158
2002  8  4 14  0 158
2002  8  4 14 15 157
2002  8  4 14 30 157
2002  8  4 14 45 157
2002  8  4 15  0 157
2002  8  4 15 15 158
2002  8  4 15 30 157
2002  8  4 15 45 157
2002  8  4 16  0 157
2002  8  4 16 15 157
2002  8  4 16 30 157
2002  8  4 16 45 157
2002  8  4 17  0 157
2002  8  4 17 15 157
2002  8  4 17 30 157
2002  8  4 17 45 156
2002  8  4 18  0 156
2002  8  4 18 15 156
2002  8  4 18 30 156
2002  8  4 18 45 156
2002  8  4 19  0 155
2002  8  4 19 15 155
2002  8  4 19 30 155
2002  8  4 19 45 155
2002  8  4 20  0 155
2002  8  4 20 15 154
2002  8  4 20 30 154
2002  8  4 20 45 154
2002  8  4 21  0 154
2002  8  4 21 15 154
2002  8  4 21 30 154
2002  8  4 21 45 153
2002  8  4 22  0 154
2002  8  4 22 15 153
2002  8  4 22 30 153
2002  8  4 22 45 153
2002  8  4 23  0 153
2002  8  4 23 15 153
2002  8  4 23 30 153
2002  8  4 23 45 153
2002  8  5  0  0 153
2002  8  5  0 15 153
2002  8  5  0 30 153
2002  8  5  0 45 153
2002  8  5  1  0 153
2002  8  5  1 15 153
2002  8  5  1 30 153
2002  8  5  1 45 153
2002  8  5  2  0 153
2002  8  5  2 15 153
2002  8  5  2 30 153
2002  8  5  2 45 153
2002  8  5  3  0 153
2002  8  5  3 15 153
2002  8  5  3 30 153
2002  8  5  3 45 153
2002  8  5  4  0 154
2002  8  5  4 15 154
2002  8  5  4 30 154
2002  8  5  4 45 154
2002  8  5  5  0 154
2002  8  5  5 15 155
2002  8  5  5 30 155
2002  8  5  5 45 155
2002  8  5  6  0 155
2002  8  5  6 15 156
2002  8  5  6 30 156
2002  8  5  6 45 156
2002  8  5  7  0 156
2002  8  5  7 15 157
2002  8  5  7 30 157
2002  8  5  7 45 157
2002  8  5  8  0 158
2002  8  5  8 15 158
2002  8  5  8 30 159
2002  8  5  8 45 159
2002  8  5  9  0 159
2002  8  5  9 15 160
2002  8  5  9 30 160
2002  8  5  9 45 160
2002  8  5 10  0 161
2002  8  5 10 15 161
2002  8  5 10 30 161
2002  8  5 10 45 162
2002  8  5 11  0 162
2002  8  5 11 15 163
2002  8  5 11 30 163
2002  8  5 11 45 163
2002  8  5 12  0 164
2002  8  5 12 15 164
2002  8  5 12 30 164
2002  8  5 12 45 165
2002  8  5 13  0 165
2002  8  5 13 15 165
2002  8  5 13 30 166
2002  8  5 13 45 166
2002  8  5 14  0 166
2002  8  5 14 15 167
2002  8  5 14 30 167
2002  8  5 14 45 168
2002  8  5 15  0 168
2002  8  5 15 15 168
2002  8  5 15 30 168
2002  8  5 15 45 169
2002  8  5 16  0 169
2002  8  5 16 15 169
2002  8  5 16 30 170
2002  8  5 16 45 170
2002  8  5 17  0 170
2002  8  5 17 15 170
2002  8  5 17 30 171
2002  8  5 17 45 171
2002  8  5 18  0 171
2002  8  5 18 15 171
2002  8  5 18 30 171
2002  8  5 18 45 172
2002  8  5 19  0 172
2002  8  5 19 15 172
2002  8  5 19 30 172
2002  8  5 19 45 172
2002  8  5 20  0 172
2002  8  5 20 15 172
2002  8  5 20 30 172
2002  8  5 20 45 173
2002  8  5 21  0 173
2002  8  5 21 15 173
2002  8  5 21 30 173
2002  8  5 21 45 173
2002  8  5 22  0 172
2002  8  5 22 15 172
2002  8  5 22 30 172
2002  8  5 22 45 172
2002  8  5 23  0 172
2002  8  5 23 15 172
2002  8  5 23 30 172
2002  8  5 23 45 172
2002  8  6  0  0 172
2002  8  6  0 15 172
2002  8  6  0 30 172
2002  8  6  0 45 172
2002  8  6  1  0 172
2002  8  6  1 15 172
2002  8  6  1 30 171
2002  8  6  1 45 171
2002  8  6  2  0 171
2002  8  6  2 15 171
2002  8  6  2 30 171
2002  8  6  2 45 171
2002  8  6  3  0 171
2002  8  6  3 15 170
2002  8  6  3 30 170
2002  8  6  3 45 170
2002  8  6  4  0 170
2002  8  6  4 15 170
2002  8  6  4 30 170
2002  8  6  4 45 170
2002  8  6  5  0 170
2002  8  6  5 15 170
2002  8  6  5 30 170
2002  8  6  5 45 169
2002  8  6  6  0 169
2002  8  6  6 15 169
2002  8  6  6 30 169
2002  8  6  6 45 169
2002  8  6  7  0 169
2002  8  6  7 15 169
2002  8  6  7 30 169
2002  8  6  7 45 169
2002  8  6  8  0 168
2002  8  6  8 15 168
2002  8  6  8 30 167
2002  8  6  8 45 168
2002  8  6  9  0 168
2002  8  6  9 15 167
2002  8  6  9 30 167
2002  8  6  9 45 167
2002  8  6 10  0 167
2002  8  6 10 15 167
2002  8  6 10 30 167
2002  8  6 10 45 167
2002  8  6 11  0 167
2002  8  6 11 15 167
2002  8  6 11 30 167
2002  8  6 11 45 167
2002  8  6 12  0 167
2002  8  6 12 15 167
2002  8  6 12 30 167
2002  8  6 12 45 167
2002  8  6 13  0 167
2002  8  6 13 15 167
2002  8  6 13 30 167
2002  8  6 13 45 168
2002  8  6 14  0 166
2002  8  6 14 15 167
2002  8  6 14 30 167
2002  8  6 14 45 168
2002  8  6 15  0 167
2002  8  6 15 15 166
2002  8  6 15 30 167
2002  8  6 15 45 167
2002  8  6 16  0 167
2002  8  6 16 15 167
2002  8  6 16 30 167
2002  8  6 16 45 168
2002  8  6 17  0 168
2002  8  6 17 15 168
2002  8  6 17 30 169
2002  8  6 17 45 168
2002  8  6 18  0 168
2002  8  6 18 15 168
2002  8  6 18 30 168
2002  8  6 18 45 167
2002  8  6 19  0 169
2002  8  6 19 15 169
2002  8  6 19 30 169
2002  8  6 19 45 169
2002  8  6 20  0 169
2002  8  6 20 15 169
2002  8  6 20 30 170
2002  8  6 20 45 170
2002  8  6 21  0 170
2002  8  6 21 15 170
2002  8  6 21 30 170
2002  8  6 21 45 170
2002  8  6 22  0 171
2002  8  6 22 15 171
2002  8  6 22 30 171
2002  8  6 22 45 172
2002  8  6 23  0 172
2002  8  6 23 15 172
2002  8  6 23 30 172
2002  8  6 23 45 172
2002  8  7  0  0 172
2002  8  7  0 15 173
2002  8  7  0 30 173
2002  8  7  0 45 173
2002  8  7  1  0 173
2002  8  7  1 15 173
2002  8  7  1 30 174
2002  8  7  1 45 174
2002  8  7  2  0 174
2002  8  7  2 15 174
2002  8  7  2 30 174
2002  8  7  2 45 175
2002  8  7  3  0 175
2002  8  7  3 15 175
2002  8  7  3 30 175
2002  8  7  3 45 176
2002  8  7  4  0 176
2002  8  7  4 15 176
2002  8  7  4 30 176
2002  8  7  4 45 176
2002  8  7  5  0 176
2002  8  7  5 15 176
2002  8  7  5 30 176
2002  8  7  5 45 177
2002  8  7  6  0 177
2002  8  7  6 15 177
2002  8  7  6 30 177
2002  8  7  6 45 173
2002  8  7  7  0 178
2002  8  7  7 15 177
2002  8  7  7 30 177
2002  8  7  7 45 178
2002  8  7  8  0 178
2002  8  7  8 15 178
2002  8  7  8 30 178
2002  8  7  8 45 178
2002  8  7  9  0 179
2002  8  7  9 15 178
2002  8  7  9 30 178
2002  8  7  9 45 179
2002  8  7 10  0 179
2002  8  7 10 15 179
2002  8  7 10 30 179
2002  8  7 10 45 179
2002  8  7 11  0 179
2002  8  7 11 15 179
2002  8  7 11 30 179
2002  8  7 11 45 179
2002  8  7 12  0 180
2002  8  7 12 15 179
2002  8  7 12 30 179
2002  8  7 12 45 179
2002  8  7 13  0 179
2002  8  7 13 15 179
2002  8  7 13 30 180
2002  8  7 13 45 180
2002  8  7 14  0 180
2002  8  7 14 15 180
2002  8  7 14 30 180
2002  8  7 14 45 180
2002  8  7 15  0 180
2002  8  7 15 15 180
2002  8  7 15 30 180
2002  8  7 15 45 179
2002  8  7 16  0 179
2002  8  7 16 15 179
2002  8  7 16 30 179
2002  8  7 16 45 179
2002  8  7 17  0 179
2002  8  7 17 15 179
2002  8  7 17 30 179
2002  8  7 17 45 179
2002  8  7 18  0 179
2002  8  7 18 15 179
2002  8  7 18 30 179
2002  8  7 18 45 179
2002  8  7 19  0 179
2002  8  7 19 15 179
2002  8  7 19 30 178
2002  8  7 19 45 178
2002  8  7 20  0 178
2002  8  7 20 15 178
2002  8  7 20 30 178
2002  8  7 20 45 178
2002  8  7 21  0 178
2002  8  7 21 15 178
2002  8  7 21 30 178
2002  8  7 21 45 178
2002  8  7 22  0 178
2002  8  7 22 15 177
2002  8  7 22 30 177
2002  8  7 22 45 177
2002  8  7 23  0 177
2002  8  7 23 15 177
2002  8  7 23 30 177
2002  8  7 23 45 177
2002  8  8  0  0 177
2002  8  8  0 15 177
2002  8  8  0 30 176
2002  8  8  0 45 176
2002  8  8  1  0 176
2002  8  8  1 15 176
2002  8  8  1 30 176
2002  8  8  1 45 176
2002  8  8  2  0 176
2002  8  8  2 15 176
2002  8  8  2 30 176
2002  8  8  2 45 176
2002  8  8  3  0 176
2002  8  8  3 15 176
2002  8  8  3 30 175
2002  8  8  3 45 175
2002  8  8  4  0 175
2002  8  8  4 15 175
2002  8  8  4 30 175
2002  8  8  4 45 175
2002  8  8  5  0 175
2002  8  8  5 15 175
2002  8  8  5 30 175
2002  8  8  5 45 175
2002  8  8  6  0 175
2002  8  8  6 15 175
2002  8  8  6 30 175
2002  8  8  6 45 175
2002  8  8  7  0 175
2002  8  8  7 15 173
2002  8  8  7 30 175
2002  8  8  7 45 175
2002  8  8  8  0 175
2002  8  8  8 15 175
2002  8  8  8 30 175
2002  8  8  8 45 175
2002  8  8  9  0 175
2002  8  8  9 15 175
2002  8  8  9 30 175
2002  8  8  9 45 175
2002  8  8 10  0 175
2002  8  8 10 15 175
2002  8  8 10 30 175
2002  8  8 10 45 175
2002  8  8 11  0 175
2002  8  8 11 15 175
2002  8  8 11 30 175
2002  8  8 11 45 175
2002  8  8 12  0 175
2002  8  8 12 15 175
2002  8  8 12 30 173
2002  8  8 12 45 175
2002  8  8 13  0 174
2002  8  8 13 15 175
2002  8  8 13 30 175
2002  8  8 13 45 175
2002  8  8 14  0 175
2002  8  8 14 15 175
2002  8  8 14 30 175
2002  8  8 14 45 175
2002  8  8 15  0 175
2002  8  8 15 15 175
2002  8  8 15 30 175
2002  8  8 15 45 175
2002  8  8 16  0 175
2002  8  8 16 15 175
2002  8  8 16 30 175
2002  8  8 16 45 175
2002  8  8 17  0 175
2002  8  8 17 15 175
2002  8  8 17 30 176
2002  8  8 17 45 176
2002  8  8 18  0 176
2002  8  8 18 15 176
2002  8  8 18 30 176
2002  8  8 18 45 176
2002  8  8 19  0 176
2002  8  8 19 15 176
2002  8  8 19 30 176
2002  8  8 19 45 177
2002  8  8 20  0 177
2002  8  8 20 15 177
2002  8  8 20 30 177
2002  8  8 20 45 177
2002  8  8 21  0 177
2002  8  8 21 15 178
2002  8  8 21 30 178
2002  8  8 21 45 178
2002  8  8 22  0 179
2002  8  8 22 15 179
2002  8  8 22 30 179
2002  8  8 22 45 179
2002  8  8 23  0 179
2002  8  8 23 15 180
2002  8  8 23 30 180
2002  8  8 23 45 180
2002  8  9  0  0 180
2002  8  9  0 15 181
2002  8  9  0 30 181
2002  8  9  0 45 181
2002  8  9  1  0 182
2002  8  9  1 15 182
2002  8  9  1 30 182
2002  8  9  1 45 183
2002  8  9  2  0 183
2002  8  9  2 15 184
2002  8  9  2 30 184
2002  8  9  2 45 184
2002  8  9  3  0 185
2002  8  9  3 15 185
2002  8  9  3 30 185
2002  8  9  3 45 186
2002  8  9  4  0 186
2002  8  9  4 15 186
2002  8  9  4 30 187
2002  8  9  4 45 187
2002  8  9  5  0 188
2002  8  9  5 15 188
2002  8  9  5 30 188
2002  8  9  5 45 189
2002  8  9  6  0 189
2002  8  9  6 15 190
2002  8  9  6 30 190
2002  8  9  6 45 191
2002  8  9  7  0 191
2002  8  9  7 15 191
2002  8  9  7 30 192
2002  8  9  7 45 192
2002  8  9  8  0 193
2002  8  9  8 15 193
2002  8  9  8 30 193
2002  8  9  8 45 194
2002  8  9  9  0 194
2002  8  9  9 15 195
2002  8  9  9 30 195
2002  8  9  9 45 196
2002  8  9 10  0 196
2002  8  9 10 15 196
2002  8  9 10 30 196
2002  8  9 10 45 197
2002  8  9 11  0 197
2002  8  9 11 15 197
2002  8  9 11 30 198
2002  8  9 11 45 198
2002  8  9 12  0 198
2002  8  9 12 15 199
2002  8  9 12 30 199
2002  8  9 12 45 199
2002  8  9 13  0 200
2002  8  9 13 15 200
2002  8  9 13 30 200
2002  8  9 13 45 201
2002  8  9 14  0 201
2002  8  9 14 15 201
2002  8  9 14 30 202
2002  8  9 14 45 203
2002  8  9 15  0 202
2002  8  9 15 15 202
2002  8  9 15 30 203
2002  8  9 15 45 203
2002  8  9 16  0 203
2002  8  9 16 15 204
2002  8  9 16 30 205
2002  8  9 16 45 205
2002  8  9 17  0 206
2002  8  9 17 15 205
2002  8  9 17 30 205
2002  8  9 17 45 206
2002  8  9 18  0 207
2002  8  9 18 15 207
2002  8  9 18 30 207
2002  8  9 18 45 208
2002  8  9 19  0 208
2002  8  9 19 15 209
2002  8  9 19 30 209
2002  8  9 19 45 210
2002  8  9 20  0 210
2002  8  9 20 15 211
2002  8  9 20 30 211
2002  8  9 20 45 212
2002  8  9 21  0 213
2002  8  9 21 15 213
2002  8  9 21 30 214
2002  8  9 21 45 214
2002  8  9 22  0 215
2002  8  9 22 15 216
2002  8  9 22 30 217
2002  8  9 22 45 217
2002  8  9 23  0 218
2002  8  9 23 15 219
2002  8  9 23 30 220
2002  8  9 23 45 221
2002  8 10  0  0 222
2002  8 10  0 15 223
2002  8 10  0 30 224
2002  8 10  0 45 225
2002  8 10  1  0 226
2002  8 10  1 15 227
2002  8 10  1 30 228
2002  8 10  1 45 229
2002  8 10  2  0 231
2002  8 10  2 15 232
2002  8 10  2 30 233
2002  8 10  2 45 235
2002  8 10  3  0 236
2002  8 10  3 15 237
2002  8 10  3 30 239
2002  8 10  3 45 240
2002  8 10  4  0 241
2002  8 10  4 15 243
2002  8 10  4 30 244
2002  8 10  4 45 246
2002  8 10  5  0 247
2002  8 10  5 15 249
2002  8 10  5 30 250
2002  8 10  5 45 251
2002  8 10  6  0 253
2002  8 10  6 15 255
2002  8 10  6 30 256
2002  8 10  6 45 257
2002  8 10  7  0 259
2002  8 10  7 15 261
2002  8 10  7 30 262
2002  8 10  7 45 264
2002  8 10  8  0 265
2002  8 10  8 15 267
2002  8 10  8 30 269
2002  8 10  8 45 270
2002  8 10  9  0 272
2002  8 10  9 15 273
2002  8 10  9 30 275
2002  8 10  9 45 276
2002  8 10 10  0 278
2002  8 10 10 15 280
2002  8 10 10 30 282
2002  8 10 10 45 283
2002  8 10 11  0 285
2002  8 10 11 15 285
2002  8 10 11 30 288
2002  8 10 11 45 290
2002  8 10 12  0 291
2002  8 10 12 15 293
2002  8 10 12 30 295
2002  8 10 12 45 296
2002  8 10 13  0 298
2002  8 10 13 15 300
2002  8 10 13 30 301
2002  8 10 13 45 303
2002  8 10 14  0 305
2002  8 10 14 15 307
2002  8 10 14 30 308
2002  8 10 14 45 310
2002  8 10 15  0 312
2002  8 10 15 15 313
2002  8 10 15 30 315
2002  8 10 15 45 317
2002  8 10 16  0 319
2002  8 10 16 15 321
2002  8 10 16 30 323
2002  8 10 16 45 325
2002  8 10 17  0 327
2002  8 10 17 15 329
2002  8 10 17 30 331
2002  8 10 17 45 333
2002  8 10 18  0 335
2002  8 10 18 15 336
2002  8 10 18 30 338
2002  8 10 18 45 340
2002  8 10 19  0 342
2002  8 10 19 15 344
2002  8 10 19 30 346
2002  8 10 19 45 348
2002  8 10 20  0 350
2002  8 10 20 15 352
2002  8 10 20 30 353
2002  8 10 20 45 355
2002  8 10 21  0 357
2002  8 10 21 15 359
2002  8 10 21 30 361
2002  8 10 21 45 363
2002  8 10 22  0 364
2002  8 10 22 15 366
2002  8 10 22 30 368
2002  8 10 22 45 370
2002  8 10 23  0 371
2002  8 10 23 15 373
2002  8 10 23 30 375
2002  8 10 23 45 376
2002  8 11  0  0 378
2002  8 11  0 15 380
2002  8 11  0 30 381
2002  8 11  0 45 383
2002  8 11  1  0 385
2002  8 11  1 15 386
2002  8 11  1 30 388
2002  8 11  1 45 389
2002  8 11  2  0 391
2002  8 11  2 15 392
2002  8 11  2 30 394
2002  8 11  2 45 395
2002  8 11  3  0 397
2002  8 11  3 15 398
2002  8 11  3 30 400
2002  8 11  3 45 401
2002  8 11  4  0 403
2002  8 11  4 15 404
2002  8 11  4 30 406
2002  8 11  4 45 407
2002  8 11  5  0 409
2002  8 11  5 15 410
2002  8 11  5 30 411
2002  8 11  5 45 412
2002  8 11  6  0 414
2002  8 11  6 15 415
2002  8 11  6 30 416
2002  8 11  6 45 418
2002  8 11  7  0 420
2002  8 11  7 15 421
2002  8 11  7 30 422
2002  8 11  7 45 423
2002  8 11  8  0 424
2002  8 11  8 15 426
2002  8 11  8 30 427
2002  8 11  8 45 428
2002  8 11  9  0 429
2002  8 11  9 15 430
2002  8 11  9 30 432
2002  8 11  9 45 433
2002  8 11 10  0 434
2002  8 11 10 15 435
2002  8 11 10 30 436
2002  8 11 10 45 438
2002  8 11 11  0 439
2002  8 11 11 15 440
2002  8 11 11 30 441
2002  8 11 11 45 442
2002  8 11 12  0 443
2002  8 11 12 15 444
2002  8 11 12 30 445
2002  8 11 12 45 446
2002  8 11 13  0 447
2002  8 11 13 15 448
2002  8 11 13 30 449
2002  8 11 13 45 450
2002  8 11 14  0 451
2002  8 11 14 15 452
2002  8 11 14 30 453
2002  8 11 14 45 454
2002  8 11 15  0 455
2002  8 11 15 15 456
2002  8 11 15 30 457
2002  8 11 15 45 457
2002  8 11 16  0 458
2002  8 11 16 15 459
2002  8 11 16 30 460
2002  8 11 16 45 461
2002  8 11 17  0 461
2002  8 11 17 15 462
2002  8 11 17 30 463
2002  8 11 17 45 464
2002  8 11 18  0 465
2002  8 11 18 15 466
2002  8 11 18 30 466
2002  8 11 18 45 467
2002  8 11 19  0 468
2002  8 11 19 15 468
2002  8 11 19 30 469
2002  8 11 19 45 470
2002  8 11 20  0 471
2002  8 11 20 15 471
2002  8 11 20 30 472
2002  8 11 20 45 472
2002  8 11 21  0 473
2002  8 11 21 15 474
2002  8 11 21 30 474
2002  8 11 21 45 475
2002  8 11 22  0 476
2002  8 11 22 15 476
2002  8 11 22 30 477
2002  8 11 22 45 477
2002  8 11 23  0 478
2002  8 11 23 15 478
2002  8 11 23 30 479
2002  8 11 23 45 479
2002  8 12  0  0 480
2002  8 12  0 15 481
2002  8 12  0 30 481
2002  8 12  0 45 482
2002  8 12  1  0 482
2002  8 12  1 15 483
2002  8 12  1 30 483
2002  8 12  1 45 484
2002  8 12  2  0 484
2002  8 12  2 15 485
2002  8 12  2 30 485
2002  8 12  2 45 486
2002  8 12  3  0 486
2002  8 12  3 15 486
2002  8 12  3 30 487
2002  8 12  3 45 487
2002  8 12  4  0 488
2002  8 12  4 15 488
2002  8 12  4 30 488
2002  8 12  4 45 489
2002  8 12  5  0 489
2002  8 12  5 15 490
2002  8 12  5 30 490
2002  8 12  5 45 491
2002  8 12  6  0 491
2002  8 12  6 15 491
2002  8 12  6 30 492
2002  8 12  6 45 492
2002  8 12  7  0 493
2002  8 12  7 15 493
2002  8 12  7 30 494
2002  8 12  7 45 494
2002  8 12  8  0 495
2002  8 12  8 15 496
2002  8 12  8 30 496
2002  8 12  8 45 496
2002  8 12  9  0 496
2002  8 12  9 15 497
2002  8 12  9 30 497
2002  8 12  9 45 497
2002  8 12 10  0 498
2002  8 12 10 15 498
2002  8 12 10 30 498
2002  8 12 10 45 499
2002  8 12 11  0 499
2002  8 12 11 15 499
2002  8 12 11 30 500
2002  8 12 11 45 500
2002  8 12 12  0 500
2002  8 12 12 15 500
2002  8 12 12 30 501
2002  8 12 12 45 501
2002  8 12 13  0 502
2002  8 12 13 15 502
2002  8 12 13 30 502
2002  8 12 13 45 503
2002  8 12 14  0 503
2002  8 12 14 15 503
2002  8 12 14 30 504
2002  8 12 14 45 504
2002  8 12 15  0 504
2002  8 12 15 15 504
2002  8 12 15 30 504
2002  8 12 15 45 505
2002  8 12 16  0 505
2002  8 12 16 15 505
2002  8 12 16 30 505
2002  8 12 16 45 506
2002  8 12 17  0 506
2002  8 12 17 15 506
2002  8 12 17 30 507
2002  8 12 17 45 507
2002  8 12 18  0 508
2002  8 12 18 15 508
2002  8 12 18 30 508
2002  8 12 18 45 508
2002  8 12 19  0 509
2002  8 12 19 15 509
2002  8 12 19 30 509
2002  8 12 19 45 510
2002  8 12 20  0 510
2002  8 12 20 15 510
2002  8 12 20 30 510
2002  8 12 20 45 511
2002  8 12 21  0 511
2002  8 12 21 15 511
2002  8 12 21 30 512
2002  8 12 21 45 512
2002  8 12 22  0 512
2002  8 12 22 15 512
2002  8 12 22 30 513
2002  8 12 22 45 513
2002  8 12 23  0 513
2002  8 12 23 15 513
2002  8 12 23 30 513
2002  8 12 23 45 514
2002  8 13  0  0 514
2002  8 13  0 15 514
2002  8 13  0 30 514
2002  8 13  0 45 514
2002  8 13  1  0 515
2002  8 13  1 15 515
2002  8 13  1 30 515
2002  8 13  1 45 515
2002  8 13  2  0 515
2002  8 13  2 15 515
2002  8 13  2 30 516
2002  8 13  2 45 516
2002  8 13  3  0 516
2002  8 13  3 15 516
2002  8 13  3 30 516
2002  8 13  3 45 517
2002  8 13  4  0 517
2002  8 13  4 15 517
2002  8 13  4 30 517
2002  8 13  4 45 517
2002  8 13  5  0 517
2002  8 13  5 15 518
2002  8 13  5 30 518
2002  8 13  5 45 518
2002  8 13  6  0 518
2002  8 13  6 15 519
2002  8 13  6 30 519
2002  8 13  6 45 519
2002  8 13  7  0 519
2002  8 13  7 15 520
2002  8 13  7 30 520
2002  8 13  7 45 520
2002  8 13  8  0 520
2002  8 13  8 15 520
2002  8 13  8 30 520
2002  8 13  8 45 520
2002  8 13  9  0 520
2002  8 13  9 15 521
2002  8 13  9 30 521
2002  8 13  9 45 521
2002  8 13 10  0 521
2002  8 13 10 15 521
2002  8 13 10 30 522
2002  8 13 10 45 522
2002  8 13 11  0 522
2002  8 13 11 15 522
2002  8 13 11 30 522
2002  8 13 11 45 522
2002  8 13 12  0 522
2002  8 13 12 15 523
2002  8 13 12 30 523
2002  8 13 12 45 523
2002  8 13 13  0 523
2002  8 13 13 15 523
2002  8 13 13 30 524
2002  8 13 13 45 524
2002  8 13 14  0 524
2002  8 13 14 15 524
2002  8 13 14 30 524
2002  8 13 14 45 525
2002  8 13 15  0 525
2002  8 13 15 15 525
2002  8 13 15 30 526
2002  8 13 15 45 526
2002  8 13 16  0 526
2002  8 13 16 15 527
2002  8 13 16 30 527
2002  8 13 16 45 527
2002  8 13 17  0 527
2002  8 13 17 15 528
2002  8 13 17 30 528
2002  8 13 17 45 529
2002  8 13 18  0 529
2002  8 13 18 15 529
2002  8 13 18 30 530
2002  8 13 18 45 530
2002  8 13 19  0 531
2002  8 13 19 15 531
2002  8 13 19 30 531
2002  8 13 19 45 532
2002  8 13 20  0 532
2002  8 13 20 15 533
2002  8 13 20 30 533
2002  8 13 20 45 534
2002  8 13 21  0 534
2002  8 13 21 15 534
2002  8 13 21 30 535
2002  8 13 21 45 535
2002  8 13 22  0 536
2002  8 13 22 15 536
2002  8 13 22 30 537
2002  8 13 22 45 538
2002  8 13 23  0 538
2002  8 13 23 15 538
2002  8 13 23 30 539
2002  8 13 23 45 539
2002  8 14  0  0 540
2002  8 14  0 15 541
2002  8 14  0 30 541
2002  8 14  0 45 542
2002  8 14  1  0 542
2002  8 14  1 15 543
2002  8 14  1 30 543
2002  8 14  1 45 544
2002  8 14  2  0 545
2002  8 14  2 15 545
2002  8 14  2 30 546
2002  8 14  2 45 546
2002  8 14  3  0 547
2002  8 14  3 15 547
2002  8 14  3 30 548
2002  8 14  3 45 549
2002  8 14  4  0 550
2002  8 14  4 15 550
2002  8 14  4 30 551
2002  8 14  4 45 552
2002  8 14  5  0 552
2002  8 14  5 15 553
2002  8 14  5 30 553
2002  8 14  5 45 554
2002  8 14  6  0 555
2002  8 14  6 15 555
2002  8 14  6 30 556
2002  8 14  6 45 557
2002  8 14  7  0 558
2002  8 14  7 15 558
2002  8 14  7 30 559
2002  8 14  7 45 560
2002  8 14  8  0 560
2002  8 14  8 15 561
2002  8 14  8 30 562
2002  8 14  8 45 563
2002  8 14  9  0 563
2002  8 14  9 15 564
2002  8 14  9 30 564
2002  8 14  9 45 565
2002  8 14 10  0 566
2002  8 14 10 15 567
2002  8 14 10 30 568
2002  8 14 10 45 568
2002  8 14 11  0 569
2002  8 14 11 15 570
2002  8 14 11 30 571
2002  8 14 11 45 571
2002  8 14 12  0 572
2002  8 14 12 15 573
2002  8 14 12 30 573
2002  8 14 12 45 574
2002  8 14 13  0 575
2002  8 14 13 15 576
2002  8 14 13 30 576
2002  8 14 13 45 577
2002  8 14 14  0 578
2002  8 14 14 15 579
2002  8 14 14 30 579
2002  8 14 14 45 580
2002  8 14 15  0 581
2002  8 14 15 15 582
2002  8 14 15 30 583
2002  8 14 15 45 583
2002  8 14 16  0 584
2002  8 14 16 15 585
2002  8 14 16 30 585
2002  8 14 16 45 586
2002  8 14 17  0 587
2002  8 14 17 15 588
2002  8 14 17 30 588
2002  8 14 17 45 589
2002  8 14 18  0 590
2002  8 14 18 15 591
2002  8 14 18 30 591
2002  8 14 18 45 592
2002  8 14 19  0 593
2002  8 14 19 15 594
2002  8 14 19 30 595
2002  8 14 19 45 595
2002  8 14 20  0 596
2002  8 14 20 15 597
2002  8 14 20 30 597
2002  8 14 20 45 598
2002  8 14 21  0 599
2002  8 14 21 15 599
2002  8 14 21 30 600
2002  8 14 21 45 601
2002  8 14 22  0 601
2002  8 14 22 15 602
2002  8 14 22 30 603
2002  8 14 22 45 603
2002  8 14 23  0 604
2002  8 14 23 15 605
2002  8 14 23 30 605
2002  8 14 23 45 606
2002  8 15  0  0 606
2002  8 15  0 15 607
2002  8 15  0 30 607
2002  8 15  0 45 608
2002  8 15  1  0 609
2002  8 15  1 15 609
2002  8 15  1 30 610
2002  8 15  1 45 610
2002  8 15  2  0 611
2002  8 15  2 15 611
2002  8 15  2 30 612
2002  8 15  2 45 612
2002  8 15  3  0 612
2002  8 15  3 15 613
2002  8 15  3 30 613
2002  8 15  3 45 614
2002  8 15  4  0 614
2002  8 15  4 15 615
2002  8 15  4 30 615
2002  8 15  4 45 616
2002  8 15  5  0 616
2002  8 15  5 15 616
2002  8 15  5 30 617
2002  8 15  5 45 617
2002  8 15  6  0 617
2002  8 15  6 15 617
2002  8 15  6 30 618
2002  8 15  6 45 618
2002  8 15  7  0 618
2002  8 15  7 15 619
2002  8 15  7 30 619
2002  8 15  7 45 619
2002  8 15  8  0 619
2002  8 15  8 15 620
2002  8 15  8 30 620
2002  8 15  8 45 620
2002  8 15  9  0 620
2002  8 15  9 15 620
2002  8 15  9 30 620
2002  8 15  9 45 620
2002  8 15 10  0 621
2002  8 15 10 15 621
2002  8 15 10 30 621
2002  8 15 10 45 621
2002  8 15 11  0 621
2002  8 15 11 15 621
2002  8 15 11 30 622
2002  8 15 11 45 621
2002  8 15 12  0 622
2002  8 15 12 15 622
2002  8 15 12 30 622
2002  8 15 12 45 622
2002  8 15 13  0 622
2002  8 15 13 15 622
2002  8 15 13 30 622
2002  8 15 13 45 622
2002  8 15 14  0 622
2002  8 15 14 15 622
2002  8 15 14 30 622
2002  8 15 14 45 622
2002  8 15 15  0 622
2002  8 15 15 15 622
2002  8 15 15 30 622
2002  8 15 15 45 622
2002  8 15 16  0 622
2002  8 15 16 15 622
2002  8 15 16 30 622
2002  8 15 16 45 622
2002  8 15 17  0 622
2002  8 15 17 15 622
2002  8 15 17 30 622
2002  8 15 17 45 622
2002  8 15 18  0 622
2002  8 15 18 15 622
2002  8 15 18 30 622
2002  8 15 18 45 622
2002  8 15 19  0 622
2002  8 15 19 15 621
2002  8 15 19 30 622
2002  8 15 19 45 621
2002  8 15 20  0 621
2002  8 15 20 15 621
2002  8 15 20 30 622
2002  8 15 20 45 622
2002  8 15 21  0 622
2002  8 15 21 15 622
2002  8 15 21 30 622
2002  8 15 21 45 621
2002  8 15 22  0 621
2002  8 15 22 15 621
2002  8 15 22 30 621
2002  8 15 22 45 622
2002  8 15 23  0 621
2002  8 15 23 15 621
2002  8 15 23 30 621
2002  8 15 23 45 621
2002  8 16  0  0 621
2002  8 16  0 15 621
2002  8 16  0 30 622
2002  8 16  0 45 622
2002  8 16  1  0 622
2002  8 16  1 15 622
2002  8 16  1 30 622
2002  8 16  1 45 622
2002  8 16  2  0 621
2002  8 16  2 15 622
2002  8 16  2 30 622
2002  8 16  2 45 622
2002  8 16  3  0 622
2002  8 16  3 15 622
2002  8 16  3 30 622
2002  8 16  3 45 622
2002  8 16  4  0 622
2002  8 16  4 15 622
2002  8 16  5  0 623
2002  8 16  6  0 624
2002  8 16  7  0 624
2002  8 16  8  0 626
2002  8 16  9  0 626
2002  8 16 10  0 626
2002  8 16 11  0 627
2002  8 16 12  0 628
2002  8 16 13  0 629
2002  8 16 13 15 630
2002  8 16 13 30 630
2002  8 16 13 45 630
2002  8 16 14  0 631
2002  8 16 14 15 631
2002  8 16 14 30 632
2002  8 16 14 45 632
2002  8 16 15  0 632
2002  8 16 15 15 633
2002  8 16 15 30 633
2002  8 16 15 45 634
2002  8 16 16  0 634
2002  8 16 16 15 634
2002  8 16 16 30 635
2002  8 16 16 45 636
2002  8 16 17  0 636
2002  8 16 17 15 636
2002  8 16 17 30 637
2002  8 16 17 45 638
2002  8 16 18  0 638
2002  8 16 18 15 638
2002  8 16 18 30 639
2002  8 16 18 45 639
2002  8 16 19  0 640
2002  8 16 19 15 640
2002  8 16 19 30 641
2002  8 16 19 45 641
2002  8 16 20  0 642
2002  8 16 20 15 643
2002  8 16 20 30 643
2002  8 16 20 45 644
2002  8 16 21  0 644
2002  8 16 21 15 644
2002  8 16 21 30 644
2002  8 16 21 45 645
2002  8 16 22  0 645
2002  8 16 22 15 646
2002  8 16 22 30 646
2002  8 16 22 45 647
2002  8 16 23  0 647
2002  8 16 23 15 647
2002  8 16 23 30 648
2002  8 16 23 45 648
2002  8 17  0  0 649
2002  8 17  0 15 649
2002  8 17  0 30 649
2002  8 17  0 45 650
2002  8 17  1  0 650
2002  8 17  1 15 651
2002  8 17  1 30 651
2002  8 17  1 45 652
2002  8 17  2  0 652
2002  8 17  2 15 652
2002  8 17  2 30 653
2002  8 17  2 45 653
2002  8 17  3  0 653
2002  8 17  3 15 653
2002  8 17  3 30 654
2002  8 17  3 45 654
2002  8 17  4  0 654
2002  8 17  4 15 654
2002  8 17  5  0 653
2002  8 17  6  0 655
2002  8 17  7  0 656
2002  8 17  8  0 658
2002  8 17  8 15 658
2002  8 17  8 30 659
2002  8 17  8 45 659
2002  8 17  9  0 660
2002  8 17  9 15 660
2002  8 17  9 30 660
2002  8 17  9 45 661
2002  8 17 10  0 661
2002  8 17 10 15 661
2002  8 17 23  0 689
2002  8 18  0  0 690
2002  8 18  1  0 690
2002  8 18  2  0 692
2002  8 18  3  0 694
2002  8 18  4  0 696
2002  8 18  5  0 696
2002  8 18  6  0 697
2002  8 18  7  0 696
2002  8 18  8  0 697
2002  8 18  9  0 697
2002  8 18 10  0 698
2002  8 18 11  0 701
2002  8 18 12  0 702
2002  8 18 13  0 705
2002  8 18 14  0 706
2002  8 18 15  0 708
2002  8 18 16  0 707
2002  8 18 17  0 707
2002  8 18 19  0 704
2002  8 18 20  0 702
2002  8 18 21  0 700
2002  8 18 22  0 698
2002  8 18 23  0 694
2002  8 19  0  0 693
2002  8 19  1  0 690
2002  8 19  2  0 687
2002  8 19  3  0 685
2002  8 19  4  0 684
2002  8 19  5  0 680
2002  8 19  6  0 679
2002  8 19  7  0 678
2002  8 19  8  0 676
2002  8 19  9  0 674
2002  8 19 10  0 671
2002  8 19 11  0 669
2002  8 19 12  0 667
2002  8 19 13  0 666
2002  8 19 14  0 665
2002  8 19 15  0 664
2002  8 19 16  0 663
2002  8 19 17  0 662
2002  8 19 18  0 660
2002  8 19 19  0 659
2002  8 19 20  0 657
2002  8 19 21  0 655
2002  8 19 22  0 654
2002  8 19 23  0 654
2002  8 20  0  0 653
2002  8 20  1  0 652
2002  8 20  2  0 650
2002  8 20  3  0 648
2002  8 20  4  0 647
2002  8 20  5  0 646
2002  8 20  6  0 645
2002  8 20  7  0 643
2002  8 20  8  0 642
2002  8 20  9  0 641
2002  8 20 10  0 640
2002  8 20 11  0 638
2002  8 20 12  0 637
2002  8 20 13  0 636
2002  8 20 14  0 635
2002  8 20 15  0 634
2002  8 20 16  0 633
2002  8 20 17  0 632
2002  8 20 18  0 631
2002  8 20 19  0 630
2002  8 20 20  0 629
2002  8 20 21  0 629
2002  8 20 22  0 628
2002  8 20 23  0 628
2002  8 21  0  0 627
2002  8 21  1  0 627
2002  8 21  2  0 627
2002  8 21  3  0 627
2002  8 21  4  0 629
2002  8 21  5  0 630
2002  8 21  6  0 630
2002  8 21  7  0 631
2002  8 21  8  0 631
2002  8 21  9  0 631
2002  8 21 10  0 630
2002  8 21 11  0 629
2002  8 21 12  0 629
2002  8 21 13  0 628
2002  8 21 14  0 627
2002  8 21 15  0 626
2002  8 21 16  0 624
2002  8 21 17  0 622
2002  8 21 18  0 620
2002  8 21 19  0 619
2002  8 22  0 15 608
2002  8 22  0 30 608
2002  8 22  0 45 607
2002  8 22  1  0 607
2002  8 22  1 15 606
2002  8 22  1 30 606
2002  8 22  1 45 605
2002  8 22  2  0 605
2002  8 22  2 15 604
2002  8 22  2 30 604
2002  8 22  2 45 603
2002  8 22  3  0 603
2002  8 22  3 15 602
2002  8 22  3 30 602
2002  8 22  3 45 602
2002  8 22  4  0 601
2002  8 22  4 15 600
2002  8 22  4 30 600
2002  8 22  4 45 599
2002  8 22  5  0 599
2002  8 22  5 15 598
2002  8 22  5 30 598
2002  8 22  5 45 598
2002  8 22  6  0 597
2002  8 22  6 15 597
2002  8 22  6 30 596
2002  8 22  6 45 596
2002  8 22  7  0 595
2002  8 22  7 15 595
2002  8 22  7 30 594
2002  8 22  7 45 594
2002  8 22  8  0 593
2002  8 22  8 15 593
2002  8 22  8 30 592
2002  8 22  8 45 592
2002  8 22  9  0 591
2002  8 22  9 15 591
2002  8 22  9 30 590
2002  8 22  9 45 590
2002  8 22 10  0 589
2002  8 22 10 15 589
2002  8 22 10 30 588
2002  8 22 10 45 588
2002  8 22 11  0 587
2002  8 22 11 15 587
2002  8 22 11 30 586
2002  8 22 11 45 586
2002  8 22 12  0 585
2002  8 22 12 15 585
2002  8 22 12 30 584
2002  8 22 12 45 584
2002  8 22 13  0 584
2002  8 22 13 15 583
2002  8 22 13 30 582
2002  8 22 13 45 582
2002  8 22 14  0 582
2002  8 22 14 15 581
2002  8 22 14 30 581
2002  8 22 14 45 580
2002  8 22 15  0 580
2002  8 22 15 15 579
2002  8 22 15 30 579
2002  8 22 15 45 579
2002  8 22 16  0 578
2002  8 22 16 15 578
2002  8 22 16 30 577
2002  8 22 16 45 577
2002  8 22 17  0 576
2002  8 22 17 15 576
2002  8 22 17 30 575
2002  8 22 17 45 575
2002  8 22 18  0 575
2002  8 22 18 15 574
2002  8 22 18 30 574
2002  8 22 18 45 573
2002  8 22 19  0 573
2002  8 22 19 15 573
2002  8 22 19 30 572
2002  8 22 19 45 572
2002  8 22 20  0 571
2002  8 22 20 15 571
2002  8 22 20 30 571
2002  8 22 20 45 570
2002  8 22 21  0 570
2002  8 22 21 15 569
2002  8 22 21 30 569
2002  8 22 21 45 568
2002  8 22 22  0 568
2002  8 22 22 15 568
2002  8 22 22 30 567
2002  8 22 22 45 567
2002  8 22 23  0 567
2002  8 22 23 15 566
2002  8 22 23 30 566
2002  8 22 23 45 566
2002  8 23  0  0 565
2002  8 23  1  0 565
2002  8 23  2  0 564
2002  8 23  3  0 562
2002  8 23  4  0 561
2002  8 23  5  0 560
2002  8 23  6  0 558
2002  8 23  7  0 556
2002  8 23 14  0 548
2002  8 24  0 15 538
2002  8 24  0 30 538
2002  8 24  0 45 538
2002  8 24  1  0 537
2002  8 24  1 15 537
2002  8 24  1 30 537
2002  8 24  1 45 537
2002  8 24  2  0 537
2002  8 24  2 15 537
2002  8 24  2 30 536
2002  8 24  2 45 536
2002  8 24  3  0 536
2002  8 24  3 15 536
2002  8 24  3 30 536
2002  8 24  3 45 536
2002  8 24  4  0 535
2002  8 24  4 15 535
2002  8 24  4 30 535
2002  8 24  4 45 535
2002  8 24  5  0 535
2002  8 24  5 15 534
2002  8 24  5 30 534
2002  8 24  5 45 534
2002  8 24  6  0 534
2002  8 24  6 15 534
2002  8 24  6 30 534
2002  8 24  6 45 534
2002  8 24  7  0 534
2002  8 24  7 15 533
2002  8 24  7 30 533
2002  8 24  7 45 533
2002  8 24  8  0 533
2002  8 24  8 15 533
2002  8 24  8 30 533
2002  8 24  8 45 532
2002  8 24  9  0 532
2002  8 24  9 15 532
2002  8 24  9 30 532
2002  8 24  9 45 532
2002  8 24 10  0 532
2002  8 24 10 15 531
2002  8 24 10 30 531
2002  8 24 10 45 531
2002  8 24 11  0 531
2002  8 24 11 15 531
2002  8 24 11 30 531
2002  8 24 11 45 531
2002  8 24 12  0 531
2002  8 24 12 15 530
2002  8 24 12 30 530
2002  8 24 12 45 530
2002  8 24 13  0 530
2002  8 24 13 15 530
2002  8 24 13 30 530
2002  8 24 13 45 530
2002  8 24 14  0 530
2002  8 24 14 15 529
2002  8 24 14 30 529
2002  8 24 14 45 529
2002  8 24 15  0 529
2002  8 24 15 15 529
2002  8 24 15 30 529
2002  8 24 15 45 529
2002  8 24 16  0 528
2002  8 24 16 15 528
2002  8 24 16 30 528
2002  8 24 16 45 528
2002  8 24 17  0 528
2002  8 24 17 15 528
2002  8 24 17 30 528
2002  8 24 17 45 527
2002  8 24 18  0 527
2002  8 24 18 15 527
2002  8 24 18 30 527
2002  8 24 20  0 526
2002  8 24 21  0 524
2002  8 25  0  0 524
2002  8 25  0 15 524
2002  8 25  0 30 523
2002  8 25  0 45 523
2002  8 25  1  0 523
2002  8 25  1 15 523
2002  8 25  1 30 523
2002  8 25  1 45 523
2002  8 25  2  0 523
2002  8 25  2 15 522
2002  8 25  2 30 522
2002  8 25  2 45 522
2002  8 25  3  0 522
2002  8 25  3 15 522
2002  8 25  3 30 522
2002  8 25  3 45 521
2002  8 25  4  0 521
2002  8 25  4 15 521
2002  8 25  4 30 521
2002  8 25  4 45 521
2002  8 25  5  0 520
2002  8 25  5 15 520
2002  8 25  5 30 520
2002  8 25  5 45 520
2002  8 25  6  0 520
2002  8 25  6 15 520
2002  8 25  6 30 520
2002  8 25  6 45 519
2002  8 25  7  0 519
2002  8 25  7 15 519
2002  8 25  7 30 519
2002  8 25  7 45 519
2002  8 25  8  0 519
2002  8 25  8 15 518
2002  8 25  8 30 518
2002  8 25  8 45 518
2002  8 25  9  0 518
2002  8 25  9 15 517
2002  8 25  9 30 517
2002  8 25  9 45 517
2002  8 25 10  0 517
2002  8 25 10 15 517
2002  8 25 10 30 517
2002  8 25 10 45 516
2002  8 25 11  0 516
2002  8 25 11 15 516
2002  8 25 11 30 516
2002  8 25 11 45 516
2002  8 25 12  0 515
2002  8 25 12 15 515
2002  8 25 12 30 515
2002  8 25 12 45 515
2002  8 25 13  0 515
2002  8 25 13 15 515
2002  8 25 13 30 514
2002  8 25 13 45 514
2002  8 25 14  0 514
2002  8 25 14 15 514
2002  8 25 14 30 514
2002  8 25 14 45 513
2002  8 25 15  0 513
2002  8 25 15 15 513
2002  8 25 15 30 513
2002  8 25 15 45 513
2002  8 25 16  0 513
2002  8 25 16 15 512
2002  8 25 16 30 512
2002  8 25 16 45 512
2002  8 25 17  0 512
2002  8 25 17 15 512
2002  8 25 17 30 511
2002  8 25 17 45 511
2002  8 25 18  0 511
2002  8 25 18 15 511
2002  8 25 18 30 511
2002  8 25 18 45 511
2002  8 25 19  0 510
2002  8 25 19 15 510
2002  8 25 19 30 510
2002  8 25 19 45 510
2002  8 25 20  0 510
2002  8 25 20 15 510
2002  8 25 20 30 509
2002  8 25 20 45 509
2002  8 25 21  0 509
2002  8 25 21 15 509
2002  8 25 21 30 509
2002  8 25 21 45 509
2002  8 25 22  0 509
2002  8 25 22 15 508
2002  8 25 22 30 508
2002  8 25 22 45 508
2002  8 25 23  0 508
2002  8 26  0 15 508
2002  8 26  0 30 507
2002  8 26  0 45 507
2002  8 26  1  0 507
2002  8 26  1 15 507
2002  8 26  1 30 507
2002  8 26  1 45 506
2002  8 26  2  0 506
2002  8 26  2 15 506
2002  8 26  2 30 506
2002  8 26  2 45 506
2002  8 26  3  0 505
2002  8 26  3 15 505
2002  8 26  3 30 505
2002  8 26  3 45 505
2002  8 26  4  0 505
2002  8 26  4 15 505
2002  8 26  4 30 505
2002  8 26  4 45 505
2002  8 26  5  0 505
2002  8 26  5 15 504
2002  8 26  5 30 504
2002  8 26  5 45 504
2002  8 26  6  0 504
2002  8 26  6 15 504
2002  8 26  6 30 503
2002  8 26  6 45 503
2002  8 26  7  0 503
2002  8 26  7 15 503
2002  8 26  7 30 503
2002  8 26  7 45 503
2002  8 26  8  0 503
2002  8 26  8 15 503
2002  8 26  8 30 502
2002  8 26  8 45 503
2002  8 26  9  0 502
2002  8 26  9 15 502
2002  8 26  9 30 502
2002  8 26  9 45 502
2002  8 26 10  0 502
2002  8 26 10 15 501
2002  8 26 10 30 501
2002  8 26 10 45 501
2002  8 26 11  0 501
2002  8 26 11 15 501
2002  8 26 11 30 501
2002  8 26 11 45 501
2002  8 26 12  0 500
2002  8 26 12 15 500
2002  8 26 12 30 500
2002  8 26 12 45 500
2002  8 26 13  0 500
2002  8 26 13 15 500
2002  8 26 13 30 499
2002  8 26 13 45 499
2002  8 26 14  0 499
2002  8 26 14 15 499
2002  8 26 14 30 499
2002  8 26 14 45 499
2002  8 26 15  0 499
2002  8 26 15 15 499
2002  8 26 15 30 498
2002  8 26 15 45 498
2002  8 26 16  0 498
2002  8 26 16 15 498
2002  8 26 16 30 498
2002  8 26 16 45 498
2002  8 26 17  0 498
2002  8 26 17 15 498
2002  8 26 17 30 498
2002  8 26 17 45 497
2002  8 26 18  0 497
2002  8 26 18 15 497
2002  8 26 18 30 497
2002  8 26 18 45 497
2002  8 26 19  0 497
2002  8 26 19 15 497
2002  8 26 19 30 497
2002  8 26 19 45 496
2002  8 26 20  0 496
2002  8 26 20 15 496
2002  8 26 20 30 496
2002  8 26 20 45 496
2002  8 26 21  0 496
2002  8 26 21 15 496
2002  8 26 21 30 495
2002  8 26 21 45 496
2002  8 26 22  0 495
2002  8 26 22 15 495
2002  8 26 22 30 495
2002  8 26 22 45 495
2002  8 26 23  0 495
2002  8 26 23 15 495
2002  8 26 23 30 494
2002  8 26 23 45 495
2002  8 27  0  0 494
2002  8 27  0 15 494
2002  8 27  0 30 494
2002  8 27  0 45 494
2002  8 27  1  0 494
2002  8 27  1 15 494
2002  8 27  1 30 494
2002  8 27  1 45 494
2002  8 27  2  0 494
2002  8 27  2 15 493
2002  8 27  2 30 493
2002  8 27  2 45 493
2002  8 27  3  0 493
2002  8 27  3 15 493
2002  8 27  3 30 493
2002  8 27  3 45 493
2002  8 27  4  0 493
2002  8 27  4 15 492
2002  8 27  4 30 492
2002  8 27  4 45 492
2002  8 27  5  0 492
2002  8 27  5 15 492
2002  8 27  5 30 492
2002  8 27  5 45 492
2002  8 27  6  0 492
2002  8 27  6 15 492
2002  8 27  6 30 491
2002  8 27  6 45 491
2002  8 27  7  0 491
2002  8 27  7 15 491
2002  8 27  7 30 491
2002  8 27  7 45 491
2002  8 27  8  0 491
2002  8 27  8 15 491
2002  8 27  8 30 490
2002  8 27  8 45 490
2002  8 27  9  0 490
2002  8 27  9 15 490
2002  8 27  9 30 490
2002  8 27  9 45 490
2002  8 27 10  0 490
2002  8 27 10 15 489
2002  8 27 10 30 489
2002  8 27 10 45 489
2002  8 27 11  0 489
2002  8 27 11 15 489
2002  8 27 11 30 489
2002  8 27 11 45 488
2002  8 27 12  0 488
2002  8 27 12 15 488
2002  8 27 12 30 488
2002  8 27 12 45 488
2002  8 27 13  0 488
2002  8 27 13 15 488
2002  8 27 13 30 488
2002  8 27 13 45 487
2002  8 27 14  0 487
2002  8 27 14 15 487
2002  8 27 14 30 487
2002  8 27 14 45 487
2002  8 27 15  0 487
2002  8 27 15 15 486
2002  8 27 15 30 486
2002  8 27 15 45 486
2002  8 27 16  0 485
2002  8 27 16 15 485
2002  8 27 16 30 485
2002  8 27 16 45 485
2002  8 27 17  0 485
2002  8 27 17 15 484
2002  8 27 17 30 484
2002  8 27 17 45 484
2002  8 27 18  0 484
2002  8 27 18 15 484
2002  8 27 18 30 483
2002  8 27 18 45 483
2002  8 27 19  0 483
2002  8 27 19 15 483
2002  8 27 19 30 482
2002  8 27 19 45 482
2002  8 27 20  0 482
2002  8 27 20 15 482
2002  8 27 20 30 481
2002  8 27 20 45 481
2002  8 27 21  0 481
2002  8 27 21 15 481
2002  8 27 21 30 481
2002  8 27 21 45 481
2002  8 27 22  0 481
2002  8 27 22 15 480
2002  8 27 22 30 480
2002  8 27 22 45 480
2002  8 27 23  0 480
2002  8 27 23 15 479
2002  8 27 23 30 479
2002  8 27 23 45 479
2002  8 28  0  0 479
2002  8 28  0 15 479
2002  8 28  0 30 478
2002  8 28  0 45 478
2002  8 28  1  0 478
2002  8 28  1 15 478
2002  8 28  1 30 477
2002  8 28  1 45 477
2002  8 28  2  0 477
2002  8 28  2 15 477
2002  8 28  2 30 477
2002  8 28  2 45 476
2002  8 28  3  0 476
2002  8 28  3 15 476
2002  8 28  3 30 476
2002  8 28  3 45 476
2002  8 28  4  0 475
2002  8 28  4 15 475
2002  8 28  4 30 475
2002  8 28  4 45 475
2002  8 28  5  0 474
2002  8 28  5 15 474
2002  8 28  5 30 474
2002  8 28  5 45 474
2002  8 28  6  0 473
2002  8 28  6 15 473
2002  8 28  6 30 473
2002  8 28  6 45 473
2002  8 28  7  0 472
2002  8 28  7 15 472
2002  8 28  7 30 472
2002  8 28  7 45 471
2002  8 28  8  0 472
2002  8 28  8 15 471
2002  8 28  8 30 471
2002  8 28  8 45 471
2002  8 28  9  0 470
2002  8 28  9 15 470
2002  8 28  9 30 470
2002  8 28  9 45 470
2002  8 28 10  0 470
2002  8 28 10 15 469
2002  8 28 10 30 469
2002  8 28 10 45 469
2002  8 28 11  0 469
2002  8 28 11 15 468
2002  8 28 11 30 468
2002  8 28 11 45 468
2002  8 28 12  0 468
2002  8 28 12 15 468
2002  8 28 12 30 467
2002  8 28 12 45 467
2002  8 28 13  0 467
2002  8 28 13 15 466
2002  8 28 13 30 466
2002  8 28 13 45 466
2002  8 28 14  0 466
2002  8 28 14 15 465
2002  8 28 14 30 465
2002  8 28 14 45 465
2002  8 28 15  0 465
2002  8 28 15 15 464
2002  8 28 15 30 464
2002  8 28 15 45 464
2002  8 28 16  0 463
2002  8 28 16 15 463
2002  8 28 16 30 462
2002  8 28 16 45 462
2002  8 28 17  0 462
2002  8 28 17 15 462
2002  8 28 17 30 461
2002  8 28 17 45 461
2002  8 28 18  0 461
2002  8 28 18 15 461
2002  8 28 18 30 460
2002  8 28 18 45 460
2002  8 28 19  0 460
2002  8 28 19 15 460
2002  8 28 19 30 459
2002  8 28 19 45 459
2002  8 28 20  0 458
2002  8 28 20 15 458
2002  8 28 20 30 458
2002  8 28 20 45 457
2002  8 28 21  0 457
2002  8 28 21 15 456
2002  8 28 21 30 456
2002  8 28 21 45 456
2002  8 28 22  0 455
2002  8 28 22 15 455
2002  8 28 22 30 455
2002  8 28 22 45 454
2002  8 28 23  0 454
2002  8 28 23 15 453
2002  8 28 23 30 453
2002  8 28 23 45 452
2002  8 29  0  0 452
2002  8 29  0 15 452
2002  8 29  0 30 451
2002  8 29  0 45 451
2002  8 29  1  0 450
2002  8 29  1 15 450
2002  8 29  1 30 449
2002  8 29  1 45 449
2002  8 29  2  0 449
2002  8 29  2 15 448
2002  8 29  2 30 448
2002  8 29  2 45 448
2002  8 29  3  0 447
2002  8 29  3 15 446
2002  8 29  3 30 446
2002  8 29  3 45 445
2002  8 29  4  0 445
2002  8 29  4 15 445
2002  8 29  4 30 444
2002  8 29  4 45 444
2002  8 29  5  0 444
2002  8 29  5 15 443
2002  8 29  5 30 442
2002  8 29  5 45 442
2002  8 29  6  0 441
2002  8 29  6 15 441
2002  8 29  6 30 440
2002  8 29  6 45 440
2002  8 29  7  0 440
2002  8 29  7 15 440
2002  8 29  7 30 439
2002  8 29  7 45 439
2002  8 29  8  0 438
2002  8 29  8 15 438
2002  8 29  8 30 437
2002  8 29  8 45 437
2002  8 29  9  0 436
2002  8 29  9 15 436
2002  8 29  9 30 436
2002  8 29  9 45 435
2002  8 29 10  0 435
2002  8 29 10 15 434
2002  8 29 10 30 434
2002  8 29 10 45 434
2002  8 29 11  0 433
2002  8 29 11 15 433
2002  8 29 11 30 432
2002  8 29 11 45 432
2002  8 29 12  0 432
2002  8 29 12 15 431
2002  8 29 12 30 432
2002  8 29 12 45 431
2002  8 29 13  0 431
2002  8 29 13 15 430
2002  8 29 13 30 430
2002  8 29 13 45 430
2002  8 29 14  0 430
2002  8 29 14 15 429
2002  8 29 14 30 429
2002  8 29 14 45 429
2002  8 29 15  0 429
2002  8 29 15 15 428
2002  8 29 15 30 428
2002  8 29 15 45 427
2002  8 29 16  0 427
2002  8 29 16 15 427
2002  8 29 16 30 426
2002  8 29 16 45 426
2002  8 29 17  0 426
2002  8 29 17 15 426
2002  8 29 17 30 425
2002  8 29 17 45 425
2002  8 29 18  0 425
2002  8 29 18 15 424
2002  8 29 18 30 424
2002  8 29 18 45 424
2002  8 29 19  0 424
2002  8 29 19 15 423
2002  8 29 19 30 423
2002  8 29 19 45 423
2002  8 29 20  0 423
2002  8 29 20 15 422
2002  8 29 20 30 422
2002  8 29 20 45 422
2002  8 29 21  0 422
2002  8 29 21 15 422
2002  8 29 21 30 421
2002  8 29 21 45 421
2002  8 29 22  0 421
2002  8 29 22 15 421
2002  8 29 22 30 420
2002  8 29 22 45 420
2002  8 29 23  0 420
2002  8 29 23 15 419
2002  8 29 23 30 419
2002  8 29 23 45 419
2002  8 30  0  0 419
2002  8 30  0 15 419
2002  8 30  0 30 418
2002  8 30  0 45 418
2002  8 30  1  0 418
2002  8 30  1 15 418
2002  8 30  1 30 417
2002  8 30  1 45 417
2002  8 30  2  0 417
2002  8 30  2 15 417
2002  8 30  2 30 417
2002  8 30  2 45 416
2002  8 30  3  0 416
2002  8 30  3 15 416
2002  8 30  3 30 416
2002  8 30  3 45 416
2002  8 30  4  0 415
2002  8 30  4 15 415
2002  8 30  4 30 415
2002  8 30  4 45 415
2002  8 30  5  0 414
