2002  7 31  0  0 130
2002  7 31  0 15 130
2002  7 31  0 30 129
2002  7 31  0 45 130
2002  7 31  1  0 129
2002  7 31  1 15 129
2002  7 31  1 30 129
2002  7 31  1 45 129
2002  7 31  2  0 129
2002  7 31  2 15 129
2002  7 31  2 30 129
2002  7 31  2 45 129
2002  7 31  3  0 129
2002  7 31  3 15 129
2002  7 31  3 30 129
2002  7 31  3 45 129
2002  7 31  4  0 129
2002  7 31  4 15 129
2002  7 31  4 30 129
2002  7 31  4 45 129
2002  7 31  5  0 129
2002  7 31  5 15 129
2002  7 31  5 30 129
2002  7 31  5 45 129
2002  7 31  6  0 130
2002  7 31  6 15 128
2002  7 31  6 30 129
2002  7 31  6 45 129
2002  7 31  7  0 129
2002  7 31  7 15 129
2002  7 31  7 30 129
2002  7 31  7 45 129
2002  7 31  8  0 129
2002  7 31  8 15 129
2002  7 31  8 30 129
2002  7 31  8 45 129
2002  7 31  9  0 129
2002  7 31  9 15 128
2002  7 31  9 30 129
2002  7 31  9 45 129
2002  7 31 10  0 129
2002  7 31 10 15 129
2002  7 31 10 30 129
2002  7 31 10 45 129
2002  7 31 11  0 129
2002  7 31 11 15 129
2002  7 31 11 30 129
2002  7 31 11 45 129
2002  7 31 12  0 129
2002  7 31 12 15 129
2002  7 31 12 30 128
2002  7 31 12 45 129
2002  7 31 13  0 129
2002  7 31 13 15 129
2002  7 31 13 30 129
2002  7 31 13 45 129
2002  7 31 14  0 129
2002  7 31 14 15 129
2002  7 31 14 30 129
2002  7 31 14 45 129
2002  7 31 15  0 129
2002  7 31 15 15 129
2002  7 31 15 30 129
2002  7 31 15 45 129
2002  7 31 16  0 129
2002  7 31 16 15 128
2002  7 31 16 30 129
2002  7 31 16 45 129
2002  7 31 17  0 129
2002  7 31 17 15 129
2002  7 31 17 30 129
2002  7 31 17 45 129
2002  7 31 18  0 129
2002  7 31 18 15 129
2002  7 31 18 30 129
2002  7 31 18 45 129
2002  7 31 19  0 127
2002  7 31 19 15 130
2002  7 31 19 30 129
2002  7 31 19 45 129
2002  7 31 20  0 129
2002  7 31 20 15 129
2002  7 31 20 30 129
2002  7 31 20 45 129
2002  7 31 21  0 129
2002  7 31 21 15 130
2002  7 31 21 30 130
2002  7 31 21 45 130
2002  7 31 22  0 130
2002  7 31 22 15 130
2002  7 31 22 30 130
2002  7 31 22 45 130
2002  7 31 23  0 130
2002  7 31 23 15 130
2002  7 31 23 30 130
2002  7 31 23 45 130
2002  8  1  0  0 130
2002  8  1  0 15 130
2002  8  1  0 30 131
2002  8  1  0 45 131
2002  8  1  1  0 131
2002  8  1  1 15 131
2002  8  1  1 30 131
2002  8  1  1 45 131
2002  8  1  2  0 131
2002  8  1  2 15 131
2002  8  1  2 30 131
2002  8  1  2 45 131
2002  8  1  3  0 131
2002  8  1  3 15 131
2002  8  1  3 30 131
2002  8  1  3 45 131
2002  8  1  4  0 131
2002  8  1  4 15 131
2002  8  1  4 30 131
2002  8  1  4 45 132
2002  8  1  5  0 131
2002  8  1  5 15 131
2002  8  1  5 30 132
2002  8  1  5 45 131
2002  8  1  6  0 131
2002  8  1  6 15 131
2002  8  1  6 30 131
2002  8  1  6 45 132
2002  8  1  7  0 132
2002  8  1  7 15 131
2002  8  1  7 30 131
2002  8  1  7 45 131
2002  8  1  8  0 131
2002  8  1  8 15 131
2002  8  1  8 30 130
2002  8  1  8 45 131
2002  8  1  9  0 131
2002  8  1  9 15 131
2002  8  1  9 30 131
2002  8  1  9 45 131
2002  8  1 10  0 131
2002  8  1 10 15 130
2002  8  1 10 30 130
2002  8  1 10 45 130
2002  8  1 11  0 130
2002  8  1 11 15 130
2002  8  1 11 30 130
2002  8  1 11 45 130
2002  8  1 12  0 130
2002  8  1 12 15 129
2002  8  1 12 30 129
2002  8  1 12 45 129
2002  8  1 13  0 129
2002  8  1 13 15 127
2002  8  1 13 30 129
2002  8  1 13 45 128
2002  8  1 14  0 128
2002  8  1 14 15 128
2002  8  1 14 30 128
2002  8  1 14 45 128
2002  8  1 15  0 127
2002  8  1 15 15 128
2002  8  1 15 30 128
2002  8  1 15 45 128
2002  8  1 16  0 128
2002  8  1 16 15 129
2002  8  1 16 30 129
2002  8  1 16 45 129
2002  8  1 17  0 129
2002  8  1 17 15 129
2002  8  1 17 30 129
2002  8  1 17 45 129
2002  8  1 18  0 128
2002  8  1 18 15 128
2002  8  1 18 30 128
2002  8  1 18 45 128
2002  8  1 19  0 129
2002  8  1 19 15 127
2002  8  1 19 30 128
2002  8  1 19 45 128
2002  8  1 20  0 128
2002  8  1 20 15 128
2002  8  1 20 30 128
2002  8  1 20 45 128
2002  8  1 21  0 128
2002  8  1 21 15 128
2002  8  1 21 30 128
2002  8  1 21 45 128
2002  8  1 22  0 128
2002  8  1 22 15 128
2002  8  1 22 30 128
2002  8  1 22 45 128
2002  8  1 23  0 128
2002  8  1 23 15 128
2002  8  1 23 30 128
2002  8  1 23 45 128
2002  8  2  0  0 128
2002  8  2  0 15 128
2002  8  2  0 30 128
2002  8  2  0 45 128
2002  8  2  1  0 128
2002  8  2  1 15 128
2002  8  2  1 30 128
2002  8  2  1 45 128
2002  8  2  2  0 128
2002  8  2  2 15 129
2002  8  2  2 30 129
2002  8  2  2 45 129
2002  8  2  3  0 129
2002  8  2  3 15 129
2002  8  2  3 30 129
2002  8  2  3 45 129
2002  8  2  4  0 129
2002  8  2  4 15 129
2002  8  2  4 30 129
2002  8  2  4 45 129
2002  8  2  5  0 129
2002  8  2  5 15 129
2002  8  2  5 30 130
2002  8  2  5 45 130
2002  8  2  6  0 130
2002  8  2  6 15 130
2002  8  2  6 30 130
2002  8  2  6 45 129
2002  8  2  7  0 130
2002  8  2  7 15 130
2002  8  2  7 30 130
2002  8  2  7 45 130
2002  8  2  8  0 130
2002  8  2  8 15 130
2002  8  2  8 30 131
2002  8  2  8 45 131
2002  8  2  9  0 131
2002  8  2  9 15 131
2002  8  2  9 30 131
2002  8  2  9 45 131
2002  8  2 10  0 131
2002  8  2 10 15 131
2002  8  2 10 30 131
2002  8  2 10 45 130
2002  8  2 11  0 130
2002  8  2 11 15 130
2002  8  2 11 30 130
2002  8  2 11 45 131
2002  8  2 12  0 130
2002  8  2 12 15 129
2002  8  2 12 30 130
2002  8  2 12 45 130
2002  8  2 13  0 130
2002  8  2 13 15 130
2002  8  2 13 30 130
2002  8  2 13 45 130
2002  8  2 14  0 130
2002  8  2 14 15 130
2002  8  2 14 30 130
2002  8  2 14 45 129
2002  8  2 15  0 129
2002  8  2 15 15 129
2002  8  2 15 30 129
2002  8  2 15 45 130
2002  8  2 16  0 129
2002  8  2 16 15 129
2002  8  2 16 30 129
2002  8  2 16 45 129
2002  8  2 17  0 130
2002  8  2 17 15 131
2002  8  2 17 30 130
2002  8  2 17 45 129
2002  8  2 18  0 129
2002  8  2 18 15 129
2002  8  2 18 30 129
2002  8  2 18 45 129
2002  8  2 19  0 130
2002  8  2 19 15 130
2002  8  2 19 30 130
2002  8  2 19 45 130
2002  8  2 20  0 129
2002  8  2 20 15 130
2002  8  2 20 30 130
2002  8  2 20 45 130
2002  8  2 21  0 130
2002  8  2 21 15 130
2002  8  2 21 30 130
2002  8  2 21 45 130
2002  8  2 22  0 130
2002  8  2 22 15 130
2002  8  2 22 30 131
2002  8  2 22 45 131
2002  8  2 23  0 131
2002  8  2 23 15 131
2002  8  2 23 30 131
2002  8  2 23 45 131
2002  8  3  0  0 131
2002  8  3  0 15 131
2002  8  3  0 30 131
2002  8  3  0 45 131
2002  8  3  1  0 132
2002  8  3  1 15 132
2002  8  3  1 30 132
2002  8  3  1 45 132
2002  8  3  2  0 132
2002  8  3  2 15 132
2002  8  3  2 30 132
2002  8  3  2 45 132
2002  8  3  3  0 132
2002  8  3  3 15 133
2002  8  3  3 30 133
2002  8  3  3 45 133
2002  8  3  4  0 133
2002  8  3  4 15 133
2002  8  3  4 30 133
2002  8  3  4 45 134
2002  8  3  5  0 132
2002  8  3  5 15 133
2002  8  3  5 30 133
2002  8  3  5 45 133
2002  8  3  6  0 133
2002  8  3  6 15 133
2002  8  3  6 30 133
2002  8  3  6 45 133
2002  8  3  7  0 133
2002  8  3  7 15 133
2002  8  3  7 30 133
2002  8  3  7 45 132
2002  8  3  8  0 132
2002  8  3  8 15 132
2002  8  3  8 30 132
2002  8  3  8 45 132
2002  8  3  9  0 132
2002  8  3  9 15 132
2002  8  3  9 30 132
2002  8  3  9 45 132
2002  8  3 10  0 131
2002  8  3 10 15 131
2002  8  3 10 30 131
2002  8  3 10 45 131
2002  8  3 11  0 130
2002  8  3 11 15 130
2002  8  3 11 30 129
2002  8  3 11 45 130
2002  8  3 12  0 129
2002  8  3 12 15 129
2002  8  3 12 30 130
2002  8  3 12 45 129
2002  8  3 13  0 129
2002  8  3 13 15 129
2002  8  3 13 30 128
2002  8  3 13 45 128
2002  8  3 14  0 128
2002  8  3 14 15 127
2002  8  3 14 30 127
2002  8  3 14 45 127
2002  8  3 15  0 124
2002  8  3 15 15 127
2002  8  3 15 30 126
2002  8  3 15 45 126
2002  8  3 16  0 126
2002  8  3 16 15 125
2002  8  3 16 30 125
2002  8  3 16 45 125
2002  8  3 17  0 124
2002  8  3 17 15 124
2002  8  3 17 30 124
2002  8  3 17 45 123
2002  8  3 18  0 123
2002  8  3 18 15 123
2002  8  3 18 30 122
2002  8  3 18 45 122
2002  8  3 19  0 122
2002  8  3 19 15 122
2002  8  3 19 30 121
2002  8  3 19 45 121
2002  8  3 20  0 121
2002  8  3 20 15 120
2002  8  3 20 30 120
2002  8  3 20 45 120
2002  8  3 21  0 119
2002  8  3 21 15 119
2002  8  3 21 30 119
2002  8  3 21 45 118
2002  8  3 22  0 118
2002  8  3 22 15 117
2002  8  3 22 30 117
2002  8  3 22 45 117
2002  8  3 23  0 117
2002  8  3 23 15 116
2002  8  3 23 30 116
2002  8  3 23 45 116
2002  8  4  0  0 116
2002  8  4  0 15 115
2002  8  4  0 30 115
2002  8  4  0 45 115
2002  8  4  1  0 115
2002  8  4  1 15 114
2002  8  4  1 30 114
2002  8  4  1 45 114
2002  8  4  2  0 114
2002  8  4  2 15 113
2002  8  4  2 30 113
2002  8  4  2 45 113
2002  8  4  3  0 113
2002  8  4  3 15 112
2002  8  4  3 30 112
2002  8  4  3 45 112
2002  8  4  4  0 112
2002  8  4  4 15 111
2002  8  4  4 30 111
2002  8  4  4 45 111
2002  8  4  5  0 111
2002  8  4  5 15 111
2002  8  4  5 30 110
2002  8  4  5 45 110
2002  8  4  6  0 110
2002  8  4  6 15 109
2002  8  4  6 30 109
2002  8  4  6 45 109
2002  8  4  7  0 109
2002  8  4  7 15 109
2002  8  4  7 30 109
2002  8  4  7 45 108
2002  8  4  8  0 108
2002  8  4  8 15 108
2002  8  4  8 30 108
2002  8  4  8 45 108
2002  8  4  9  0 108
2002  8  4  9 15 108
2002  8  4  9 30 107
2002  8  4  9 45 107
2002  8  4 10  0 107
2002  8  4 10 15 107
2002  8  4 10 30 107
2002  8  4 10 45 107
2002  8  4 11  0 107
2002  8  4 11 15 107
2002  8  4 11 30 107
2002  8  4 11 45 107
2002  8  4 12  0 107
2002  8  4 12 15 107
2002  8  4 12 30 106
2002  8  4 12 45 107
2002  8  4 13  0 107
2002  8  4 13 15 107
2002  8  4 13 30 107
2002  8  4 13 45 107
2002  8  4 14  0 107
2002  8  4 14 15 108
2002  8  4 14 30 108
2002  8  4 14 45 108
2002  8  4 15  0 109
2002  8  4 15 15 109
2002  8  4 15 30 110
2002  8  4 15 45 110
2002  8  4 16  0 111
2002  8  4 16 15 112
2002  8  4 16 30 113
2002  8  4 16 45 113
2002  8  4 17  0 113
2002  8  4 17 15 114
2002  8  4 17 30 115
2002  8  4 17 45 116
2002  8  4 18  0 115
2002  8  4 18 15 117
2002  8  4 18 30 117
2002  8  4 18 45 118
2002  8  4 19  0 119
2002  8  4 19 15 119
2002  8  4 19 30 120
2002  8  4 19 45 121
2002  8  4 20  0 121
2002  8  4 20 15 122
2002  8  4 20 30 123
2002  8  4 20 45 124
2002  8  4 21  0 125
2002  8  4 21 15 125
2002  8  4 21 30 126
2002  8  4 21 45 127
2002  8  4 22  0 128
2002  8  4 22 15 128
2002  8  4 22 30 129
2002  8  4 22 45 130
2002  8  4 23  0 130
2002  8  4 23 15 131
2002  8  4 23 30 131
2002  8  4 23 45 132
2002  8  5  0  0 132
2002  8  5  0 15 133
2002  8  5  0 30 133
2002  8  5  0 45 133
2002  8  5  1  0 134
2002  8  5  1 15 134
2002  8  5  1 30 134
2002  8  5  1 45 135
2002  8  5  2  0 135
2002  8  5  2 15 135
2002  8  5  2 30 135
2002  8  5  2 45 136
2002  8  5  3  0 136
2002  8  5  3 15 136
2002  8  5  3 30 136
2002  8  5  3 45 136
2002  8  5  4  0 136
2002  8  5  4 15 136
2002  8  5  4 30 136
2002  8  5  4 45 136
2002  8  5  5  0 136
2002  8  5  5 15 136
2002  8  5  5 30 136
2002  8  5  5 45 136
2002  8  5  6  0 136
2002  8  5  6 15 136
2002  8  5  6 30 136
2002  8  5  6 45 136
2002  8  5  7  0 136
2002  8  5  7 15 136
2002  8  5  7 30 136
2002  8  5  7 45 135
2002  8  5  8  0 135
2002  8  5  8 15 135
2002  8  5  8 30 134
2002  8  5  8 45 134
2002  8  5  9  0 134
2002  8  5  9 15 134
2002  8  5  9 30 133
2002  8  5  9 45 133
2002  8  5 10  0 133
2002  8  5 10 15 133
2002  8  5 10 30 132
2002  8  5 10 45 132
2002  8  5 11  0 132
2002  8  5 11 15 132
2002  8  5 11 30 131
2002  8  5 11 45 131
2002  8  5 12  0 131
2002  8  5 12 15 130
2002  8  5 12 30 130
2002  8  5 12 45 130
2002  8  5 13  0 130
2002  8  5 13 15 129
2002  8  5 13 30 130
2002  8  5 13 45 129
2002  8  5 14  0 129
2002  8  5 14 15 128
2002  8  5 14 30 128
2002  8  5 14 45 128
2002  8  5 15  0 128
2002  8  5 15 15 127
2002  8  5 15 30 127
2002  8  5 15 45 127
2002  8  5 16  0 127
2002  8  5 16 15 126
2002  8  5 16 30 126
2002  8  5 16 45 126
2002  8  5 17  0 126
2002  8  5 17 15 126
2002  8  5 17 30 126
2002  8  5 17 45 125
2002  8  5 18  0 125
2002  8  5 18 15 125
2002  8  5 18 30 125
2002  8  5 18 45 125
2002  8  5 19  0 125
2002  8  5 19 15 124
2002  8  5 19 30 124
2002  8  5 19 45 124
2002  8  5 20  0 124
2002  8  5 20 15 124
2002  8  5 20 30 124
2002  8  5 20 45 124
2002  8  5 21  0 124
2002  8  5 21 15 124
2002  8  5 21 30 124
2002  8  5 21 45 124
2002  8  5 22  0 124
2002  8  5 22 15 124
2002  8  5 22 30 124
2002  8  5 22 45 124
2002  8  5 23  0 124
2002  8  5 23 15 124
2002  8  5 23 30 124
2002  8  5 23 45 125
2002  8  6  0  0 125
2002  8  6  0 15 125
2002  8  6  0 30 125
2002  8  6  0 45 125
2002  8  6  1  0 125
2002  8  6  1 15 125
2002  8  6  1 30 125
2002  8  6  1 45 126
2002  8  6  2  0 126
2002  8  6  2 15 126
2002  8  6  2 30 126
2002  8  6  2 45 126
2002  8  6  3  0 126
2002  8  6  3 15 127
2002  8  6  3 30 127
2002  8  6  3 45 127
2002  8  6  4  0 127
2002  8  6  4 15 127
2002  8  6  4 30 128
2002  8  6  4 45 128
2002  8  6  5  0 128
2002  8  6  5 15 128
2002  8  6  5 30 128
2002  8  6  5 45 128
2002  8  6  6  0 128
2002  8  6  6 15 129
2002  8  6  6 30 129
2002  8  6  6 45 129
2002  8  6  7  0 129
2002  8  6  7 15 129
2002  8  6  7 30 130
2002  8  6  7 45 130
2002  8  6  8  0 130
2002  8  6  8 15 130
2002  8  6  8 30 130
2002  8  6  8 45 131
2002  8  6  9  0 131
2002  8  6  9 15 131
2002  8  6  9 30 131
2002  8  6  9 45 131
2002  8  6 10  0 132
2002  8  6 10 15 132
2002  8  6 10 30 132
2002  8  6 10 45 132
2002  8  6 11  0 133
2002  8  6 11 15 133
2002  8  6 11 30 134
2002  8  6 11 45 134
2002  8  6 12  0 135
2002  8  6 12 15 134
2002  8  6 12 30 135
2002  8  6 12 45 135
2002  8  6 13  0 135
2002  8  6 13 15 134
2002  8  6 13 30 136
2002  8  6 13 45 137
2002  8  6 14  0 137
2002  8  6 14 15 137
2002  8  6 14 30 137
2002  8  6 14 45 138
2002  8  6 15  0 138
2002  8  6 15 15 138
2002  8  6 15 30 139
2002  8  6 15 45 139
2002  8  6 16  0 139
2002  8  6 16 15 140
2002  8  6 16 30 140
2002  8  6 16 45 141
2002  8  6 17  0 141
2002  8  6 17 15 142
2002  8  6 17 30 142
2002  8  6 17 45 142
2002  8  6 18  0 142
2002  8  6 18 15 142
2002  8  6 18 30 142
2002  8  6 18 45 142
2002  8  6 19  0 143
2002  8  6 19 15 145
2002  8  6 19 30 144
2002  8  6 19 45 143
2002  8  6 20  0 143
2002  8  6 20 15 143
2002  8  6 20 30 143
2002  8  6 20 45 144
2002  8  6 21  0 144
2002  8  6 21 15 144
2002  8  6 21 30 143
2002  8  6 21 45 143
2002  8  6 22  0 144
2002  8  6 22 15 143
2002  8  6 22 30 144
2002  8  6 22 45 144
2002  8  6 23  0 144
2002  8  6 23 15 144
2002  8  6 23 30 144
2002  8  6 23 45 144
2002  8  7  0  0 144
2002  8  7  0 15 144
2002  8  7  0 30 144
2002  8  7  0 45 144
2002  8  7  1  0 143
2002  8  7  1 15 143
2002  8  7  1 30 143
2002  8  7  1 45 143
2002  8  7  2  0 143
2002  8  7  2 15 143
2002  8  7  2 30 142
2002  8  7  2 45 143
2002  8  7  3  0 142
2002  8  7  3 15 142
2002  8  7  3 30 141
2002  8  7  3 45 141
2002  8  7  4  0 141
2002  8  7  4 15 141
2002  8  7  4 30 140
2002  8  7  4 45 140
2002  8  7  5  0 140
2002  8  7  5 15 140
2002  8  7  5 30 139
2002  8  7  5 45 139
2002  8  7  6  0 139
2002  8  7  6 15 139
2002  8  7  6 30 139
2002  8  7  6 45 138
2002  8  7  7  0 138
2002  8  7  7 15 137
2002  8  7  7 30 138
2002  8  7  7 45 137
2002  8  7  8  0 137
2002  8  7  8 15 137
2002  8  7  8 30 137
2002  8  7  8 45 136
2002  8  7  9  0 136
2002  8  7  9 15 136
2002  8  7  9 30 136
2002  8  7  9 45 136
2002  8  7 10  0 135
2002  8  7 10 15 135
2002  8  7 10 30 135
2002  8  7 10 45 135
2002  8  7 11  0 135
2002  8  7 11 15 135
2002  8  7 11 30 134
2002  8  7 11 45 134
2002  8  7 12  0 134
2002  8  7 12 15 136
2002  8  7 12 30 134
2002  8  7 12 45 135
2002  8  7 13  0 133
2002  8  7 13 15 134
2002  8  7 13 30 134
2002  8  7 13 45 134
2002  8  7 14  0 134
2002  8  7 14 15 133
2002  8  7 14 30 133
2002  8  7 14 45 133
2002  8  7 15  0 133
2002  8  7 15 15 133
2002  8  7 15 30 133
2002  8  7 15 45 133
2002  8  7 16  0 133
2002  8  7 16 15 133
2002  8  7 16 30 134
2002  8  7 16 45 133
2002  8  7 17  0 133
2002  8  7 17 15 134
2002  8  7 17 30 134
2002  8  7 17 45 133
2002  8  7 18  0 133
2002  8  7 18 15 134
2002  8  7 18 30 134
2002  8  7 18 45 134
2002  8  7 19  0 135
2002  8  7 19 15 133
2002  8  7 19 30 135
2002  8  7 19 45 135
2002  8  7 20  0 135
2002  8  7 20 15 135
2002  8  7 20 30 135
2002  8  7 20 45 135
2002  8  7 21  0 135
2002  8  7 21 15 135
2002  8  7 21 30 135
2002  8  7 21 45 135
2002  8  7 22  0 135
2002  8  7 22 15 135
2002  8  7 22 30 135
2002  8  7 22 45 135
2002  8  7 23  0 135
2002  8  7 23 15 135
2002  8  7 23 30 135
2002  8  7 23 45 135
2002  8  8  0  0 135
2002  8  8  0 15 136
2002  8  8  0 30 136
2002  8  8  0 45 136
2002  8  8  1  0 136
2002  8  8  1 15 136
2002  8  8  1 30 136
2002  8  8  1 45 136
2002  8  8  2  0 136
2002  8  8  2 15 136
2002  8  8  2 30 136
2002  8  8  2 45 136
2002  8  8  3  0 136
2002  8  8  3 15 136
2002  8  8  3 30 136
2002  8  8  3 45 136
2002  8  8  4  0 136
2002  8  8  4 15 136
2002  8  8  4 30 136
2002  8  8  4 45 136
2002  8  8  5  0 137
2002  8  8  5 15 137
2002  8  8  5 30 135
2002  8  8  5 45 136
2002  8  8  6  0 137
2002  8  8  6 15 136
2002  8  8  6 30 136
2002  8  8  6 45 137
2002  8  8  7  0 139
2002  8  8  7 15 138
2002  8  8  7 30 138
2002  8  8  7 45 138
2002  8  8  8  0 138
2002  8  8  8 15 137
2002  8  8  8 30 136
2002  8  8  8 45 139
2002  8  8  9  0 140
2002  8  8  9 15 140
2002  8  8  9 30 140
2002  8  8  9 45 141
2002  8  8 10  0 141
2002  8  8 10 15 142
2002  8  8 10 30 142
2002  8  8 10 45 143
2002  8  8 11  0 143
2002  8  8 11 15 143
2002  8  8 11 30 144
2002  8  8 11 45 144
2002  8  8 12  0 145
2002  8  8 12 15 145
2002  8  8 12 30 146
2002  8  8 12 45 147
2002  8  8 13  0 147
2002  8  8 13 15 148
2002  8  8 13 30 148
2002  8  8 13 45 149
2002  8  8 14  0 149
2002  8  8 14 15 150
2002  8  8 14 30 150
2002  8  8 14 45 151
2002  8  8 15  0 152
2002  8  8 15 15 152
2002  8  8 15 30 153
2002  8  8 15 45 153
2002  8  8 16  0 154
2002  8  8 16 15 155
2002  8  8 16 30 156
2002  8  8 16 45 156
2002  8  8 17  0 157
2002  8  8 17 15 157
2002  8  8 17 30 158
2002  8  8 17 45 158
2002  8  8 18  0 159
2002  8  8 18 15 159
2002  8  8 18 30 160
2002  8  8 18 45 161
2002  8  8 19  0 161
2002  8  8 19 15 162
2002  8  8 19 30 162
2002  8  8 19 45 163
2002  8  8 20  0 163
2002  8  8 20 15 164
2002  8  8 20 30 164
2002  8  8 20 45 165
2002  8  8 21  0 165
2002  8  8 21 15 166
2002  8  8 21 30 166
2002  8  8 21 45 167
2002  8  8 22  0 167
2002  8  8 22 15 168
2002  8  8 22 30 168
2002  8  8 22 45 169
2002  8  8 23  0 169
2002  8  8 23 15 169
2002  8  8 23 30 169
2002  8  8 23 45 170
2002  8  9  0  0 170
2002  8  9  0 15 170
2002  8  9  0 30 170
2002  8  9  0 45 170
2002  8  9  1  0 171
2002  8  9  1 15 171
2002  8  9  1 30 171
2002  8  9  1 45 171
2002  8  9  2  0 171
2002  8  9  2 15 172
2002  8  9  2 30 172
2002  8  9  2 45 172
2002  8  9  3  0 172
2002  8  9  3 15 172
2002  8  9  3 30 173
2002  8  9  3 45 173
2002  8  9  4  0 173
2002  8  9  4 15 173
2002  8  9  4 30 174
2002  8  9  4 45 174
2002  8  9  5  0 174
2002  8  9  5 15 174
2002  8  9  5 30 175
2002  8  9  5 45 175
2002  8  9  6  0 176
2002  8  9  6 15 176
2002  8  9  6 30 176
2002  8  9  6 45 177
2002  8  9  7  0 177
2002  8  9  7 15 177
2002  8  9  7 30 178
2002  8  9  7 45 178
2002  8  9  8  0 179
2002  8  9  8 15 179
2002  8  9  8 30 180
2002  8  9  8 45 180
2002  8  9  9  0 181
2002  8  9  9 15 182
2002  8  9  9 30 183
2002  8  9  9 45 183
2002  8  9 10  0 184
2002  8  9 10 15 185
2002  8  9 10 30 186
2002  8  9 10 45 187
2002  8  9 11  0 188
2002  8  9 11 15 189
2002  8  9 11 30 190
2002  8  9 11 45 192
2002  8  9 12  0 193
2002  8  9 12 15 194
2002  8  9 12 30 196
2002  8  9 12 45 197
2002  8  9 13  0 199
2002  8  9 13 15 200
2002  8  9 13 30 202
2002  8  9 13 45 204
2002  8  9 14  0 206
2002  8  9 14 15 208
2002  8  9 14 30 209
2002  8  9 14 45 211
2002  8  9 15  0 213
2002  8  9 15 15 215
2002  8  9 15 30 217
2002  8  9 15 45 219
2002  8  9 16  0 222
2002  8  9 16 15 223
2002  8  9 16 30 226
2002  8  9 16 45 228
2002  8  9 17  0 231
2002  8  9 17 15 232
2002  8  9 17 30 235
2002  8  9 17 45 237
2002  8  9 18  0 239
2002  8  9 18 15 241
2002  8  9 18 30 244
2002  8  9 18 45 246
2002  8  9 19  0 248
2002  8  9 19 15 250
2002  8  9 19 30 252
2002  8  9 19 45 254
2002  8  9 20  0 256
2002  8  9 20 15 258
2002  8  9 20 30 260
2002  8  9 20 45 262
2002  8  9 21  0 264
2002  8  9 21 15 266
2002  8  9 21 30 268
2002  8  9 21 45 270
2002  8  9 22  0 272
2002  8  9 22 15 274
2002  8  9 22 30 276
2002  8  9 22 45 278
2002  8  9 23  0 280
2002  8  9 23 15 282
2002  8  9 23 30 283
2002  8  9 23 45 285
2002  8 10  0  0 287
2002  8 10  0 15 288
2002  8 10  0 30 290
2002  8 10  0 45 292
2002  8 10  1  0 294
2002  8 10  1 15 296
2002  8 10  1 30 297
2002  8 10  1 45 299
2002  8 10  2  0 301
2002  8 10  2 15 303
2002  8 10  2 30 305
2002  8 10  2 45 307
2002  8 10  3  0 309
2002  8 10  3 15 311
2002  8 10  3 30 313
2002  8 10  3 45 315
2002  8 10  4  0 317
2002  8 10  4 15 319
2002  8 10  4 30 321
2002  8 10  4 45 323
2002  8 10  5  0 326
2002  8 10  5 15 328
2002  8 10  5 30 330
2002  8 10  5 45 332
2002  8 10  6  0 334
2002  8 10  6 15 336
2002  8 10  6 30 339
2002  8 10  6 45 341
2002  8 10  7  0 344
2002  8 10  7 15 346
2002  8 10  7 30 348
2002  8 10  7 45 350
2002  8 10  8  0 353
2002  8 10  8 15 355
2002  8 10  8 30 358
2002  8 10  8 45 360
2002  8 10  9  0 363
2002  8 10  9 15 365
2002  8 10  9 30 367
2002  8 10  9 45 370
2002  8 10 10  0 373
2002  8 10 10 15 375
2002  8 10 10 30 377
2002  8 10 10 45 380
2002  8 10 11  0 383
2002  8 10 11 15 385
2002  8 10 11 30 387
2002  8 10 11 45 390
2002  8 10 12  0 392
2002  8 10 12 15 394
2002  8 10 12 30 396
2002  8 10 12 45 399
2002  8 10 13  0 401
2002  8 10 13 15 404
2002  8 10 13 30 406
2002  8 10 13 45 408
2002  8 10 14  0 410
2002  8 10 14 15 413
2002  8 10 14 30 415
2002  8 10 14 45 417
2002  8 10 15  0 419
2002  8 10 15 15 421
2002  8 10 15 30 423
2002  8 10 15 45 425
2002  8 10 16  0 428
2002  8 10 16 15 430
2002  8 10 16 30 432
2002  8 10 16 45 434
2002  8 10 17  0 435
2002  8 10 17 15 438
2002  8 10 17 30 440
2002  8 10 17 45 442
2002  8 10 18  0 444
2002  8 10 18 15 446
2002  8 10 18 30 447
2002  8 10 18 45 449
2002  8 10 19  0 451
2002  8 10 19 15 453
2002  8 10 19 30 454
2002  8 10 19 45 456
2002  8 10 20  0 458
2002  8 10 20 15 460
2002  8 10 20 30 461
2002  8 10 20 45 463
2002  8 10 21  0 465
2002  8 10 21 15 467
2002  8 10 21 30 469
2002  8 10 21 45 471
2002  8 10 22  0 473
2002  8 10 22 15 474
2002  8 10 22 30 477
2002  8 10 22 45 478
2002  8 10 23  0 480
2002  8 10 23 15 482
2002  8 10 23 30 483
2002  8 10 23 45 485
2002  8 11  0  0 487
2002  8 11  0 15 488
2002  8 11  0 30 490
2002  8 11  0 45 492
2002  8 11  1  0 494
2002  8 11  1 15 495
2002  8 11  1 30 497
2002  8 11  1 45 498
2002  8 11  2  0 500
2002  8 11  2 15 501
2002  8 11  2 30 502
2002  8 11  2 45 504
2002  8 11  3  0 506
2002  8 11  3 15 507
2002  8 11  3 30 509
2002  8 11  3 45 510
2002  8 11  4  0 512
2002  8 11  4 15 513
2002  8 11  4 30 514
2002  8 11  4 45 516
2002  8 11  5  0 517
2002  8 11  5 15 518
2002  8 11  5 30 520
2002  8 11  5 45 521
2002  8 11  6  0 522
2002  8 11  6 15 523
2002  8 11  6 30 525
2002  8 11  6 45 526
2002  8 11  7  0 527
2002  8 11  7 15 529
2002  8 11  7 30 530
2002  8 11  7 45 531
2002  8 11  8  0 532
2002  8 11  8 15 533
2002  8 11  8 30 535
2002  8 11  8 45 536
2002  8 11  9  0 537
2002  8 11  9 15 538
2002  8 11  9 30 540
2002  8 11  9 45 541
2002  8 11 10  0 542
2002  8 11 10 15 543
2002  8 11 10 30 544
2002  8 11 10 45 545
2002  8 11 11  0 546
2002  8 11 11 15 547
2002  8 11 11 30 548
2002  8 11 11 45 549
2002  8 11 12  0 551
2002  8 11 12 15 552
2002  8 11 12 30 553
2002  8 11 12 45 554
2002  8 11 13  0 555
2002  8 11 13 15 556
2002  8 11 13 30 557
2002  8 11 13 45 558
2002  8 11 14  0 559
2002  8 11 14 15 560
2002  8 11 14 30 561
2002  8 11 14 45 562
2002  8 11 15  0 563
2002  8 11 15 15 564
2002  8 11 15 30 565
2002  8 11 15 45 566
2002  8 11 16  0 567
2002  8 11 16 15 568
2002  8 11 16 30 569
2002  8 11 16 45 570
2002  8 11 17  0 571
2002  8 11 17 15 572
2002  8 11 17 30 572
2002  8 11 17 45 573
2002  8 11 18  0 574
2002  8 11 18 15 575
2002  8 11 18 30 576
2002  8 11 18 45 576
2002  8 11 19  0 577
2002  8 11 19 15 578
2002  8 11 19 30 579
2002  8 11 19 45 579
2002  8 11 20  0 580
2002  8 11 20 15 581
2002  8 11 20 30 581
2002  8 11 20 45 582
2002  8 11 21  0 583
2002  8 11 21 15 583
2002  8 11 21 30 584
2002  8 11 21 45 584
2002  8 11 22  0 585
2002  8 11 22 15 585
2002  8 11 22 30 586
2002  8 11 22 45 586
2002  8 11 23  0 587
2002  8 11 23 15 587
2002  8 11 23 30 588
2002  8 11 23 45 588
2002  8 12  0  0 589
2002  8 12  0 15 589
2002  8 12  0 30 590
2002  8 12  0 45 590
2002  8 12  1  0 590
2002  8 12  1 15 591
2002  8 12  1 30 591
2002  8 12  1 45 592
2002  8 12  2  0 592
2002  8 12  2 15 592
2002  8 12  2 30 593
2002  8 12  2 45 593
2002  8 12  3  0 593
2002  8 12  3 15 593
2002  8 12  3 30 594
2002  8 12  3 45 594
2002  8 12  4  0 594
2002  8 12  4 15 595
2002  8 12  4 30 595
2002  8 12  4 45 595
2002  8 12  5  0 595
2002  8 12  5 15 595
2002  8 12  5 30 596
2002  8 12  5 45 596
2002  8 12  6  0 598
2002  8 12  6 15 599
2002  8 12  6 30 599
2002  8 12  6 45 599
2002  8 12  7  0 599
2002  8 12  7 15 599
2002  8 12  7 30 599
2002  8 12  7 45 600
2002  8 12  8  0 600
2002  8 12  8 15 600
2002  8 12  8 30 600
2002  8 12  8 45 600
2002  8 12  9  0 600
2002  8 12  9 15 600
2002  8 12  9 30 600
2002  8 12  9 45 600
2002  8 12 10  0 600
2002  8 12 10 15 601
2002  8 12 10 30 601
2002  8 12 10 45 601
2002  8 12 11  0 601
2002  8 12 11 15 601
2002  8 12 11 30 601
2002  8 12 11 45 601
2002  8 12 12  0 601
2002  8 12 12 15 601
2002  8 12 12 30 601
2002  8 12 12 45 601
2002  8 12 13  0 602
2002  8 12 13 15 602
2002  8 12 13 30 602
2002  8 12 13 45 602
2002  8 12 14  0 602
2002  8 12 14 15 602
2002  8 12 14 30 602
2002  8 12 14 45 602
2002  8 12 15  0 602
2002  8 12 15 15 602
2002  8 12 15 30 602
2002  8 12 15 45 602
2002  8 12 16  0 603
2002  8 12 16 15 603
2002  8 12 16 30 603
2002  8 12 16 45 603
2002  8 12 17  0 604
2002  8 12 17 15 604
2002  8 12 17 30 604
2002  8 12 17 45 605
2002  8 12 18  0 605
2002  8 12 18 15 605
2002  8 12 18 30 606
2002  8 12 18 45 605
2002  8 12 19  0 606
2002  8 12 19 15 606
2002  8 12 19 30 607
2002  8 12 19 45 607
2002  8 12 20  0 608
2002  8 12 20 15 608
2002  8 12 20 30 608
2002  8 12 20 45 609
2002  8 12 21  0 609
2002  8 12 21 15 610
2002  8 12 21 30 610
2002  8 12 21 45 611
2002  8 12 22  0 612
2002  8 12 22 15 612
2002  8 12 22 30 613
2002  8 12 22 45 614
2002  8 12 23  0 614
2002  8 12 23 15 615
2002  8 12 23 30 616
2002  8 12 23 45 617
2002  8 13  0  0 618
2002  8 13  0 15 618
2002  8 13  0 30 619
2002  8 13  0 45 620
2002  8 13  1  0 621
2002  8 13  1 15 622
2002  8 13  1 30 623
2002  8 13  1 45 624
2002  8 13  2  0 625
2002  8 13  2 15 626
2002  8 13  2 30 627
2002  8 13  2 45 627
2002  8 13  3  0 629
2002  8 13  3 15 630
2002  8 13  3 30 631
2002  8 13  3 45 632
2002  8 13  4  0 633
2002  8 13  4 15 634
2002  8 13  4 30 635
2002  8 13  4 45 636
2002  8 13  5  0 637
2002  8 13  5 15 638
2002  8 13  5 30 639
2002  8 13  5 45 641
2002  8 13  6  0 642
2002  8 13  6 15 643
2002  8 13  6 30 644
2002  8 13  6 45 646
2002  8 13  7  0 647
2002  8 13  7 15 648
2002  8 13  7 30 649
2002  8 13  7 45 650
2002  8 13  8  0 652
2002  8 13  8 15 653
2002  8 13  8 30 654
2002  8 13  8 45 656
2002  8 13  9  0 657
2002  8 13  9 15 659
2002  8 13  9 30 660
2002  8 13  9 45 661
2002  8 13 10  0 663
2002  8 13 10 15 664
2002  8 13 10 30 665
2002  8 13 10 45 667
2002  8 13 11  0 668
2002  8 13 11 15 669
2002  8 13 11 30 671
2002  8 13 11 45 672
2002  8 13 12  0 674
2002  8 13 12 15 675
2002  8 13 12 30 677
2002  8 13 12 45 678
2002  8 13 13  0 680
2002  8 13 13 15 681
2002  8 13 13 30 682
2002  8 13 14  0 685
2002  8 13 14 15 687
2002  8 13 14 30 688
2002  8 13 14 45 690
2002  8 13 15  0 691
2002  8 13 15 15 693
2002  8 13 15 30 694
2002  8 13 15 45 696
2002  8 13 16  0 697
2002  8 13 16 15 698
2002  8 13 16 30 699
2002  8 13 16 45 700
2002  8 13 17  0 702
2002  8 13 17 15 703
2002  8 13 17 30 704
2002  8 13 17 45 705
2002  8 13 18  0 707
2002  8 13 18 15 708
2002  8 13 18 30 709
2002  8 13 18 45 710
2002  8 13 19  0 711
2002  8 13 19 15 713
2002  8 13 19 30 714
2002  8 13 19 45 715
2002  8 13 20  0 716
2002  8 13 20 15 717
2002  8 13 20 30 719
2002  8 13 20 45 720
2002  8 13 21  0 720
2002  8 13 21 15 722
2002  8 13 21 30 723
2002  8 13 21 45 724
2002  8 13 22  0 725
2002  8 13 22 15 726
2002  8 13 22 30 728
2002  8 13 22 45 728
2002  8 13 23  0 729
2002  8 13 23 15 730
2002  8 13 23 30 732
2002  8 13 23 45 733
2002  8 14  0  0 734
2002  8 14  0 15 735
2002  8 14  0 30 736
2002  8 14  0 45 737
2002  8 14  1  0 738
2002  8 14  1 15 739
2002  8 14  1 30 740
2002  8 14  1 45 741
2002  8 14  2  0 742
2002  8 14  2 15 743
2002  8 14  2 30 745
2002  8 14  2 45 746
2002  8 14  3  0 747
2002  8 14  3 15 748
2002  8 14  3 30 749
2002  8 14  3 45 750
2002  8 14  4  0 751
2002  8 14  4 15 752
2002  8 14  4 30 753
2002  8 14  4 45 754
2002  8 14  5  0 755
2002  8 14  5 15 756
2002  8 14  5 30 757
2002  8 14  5 45 758
2002  8 14  6  0 759
2002  8 14  6 15 760
2002  8 14  6 30 761
2002  8 14  6 45 762
2002  8 14  7  0 763
2002  8 14  7 30 765
2002  8 14  7 45 766
2002  8 14  8  0 766
2002  8 14  8 15 767
2002  8 14  8 30 768
2002  8 14  8 45 769
2002  8 14  9  0 770
2002  8 14  9 15 771
2002  8 14  9 30 771
2002  8 14  9 45 772
2002  8 14 10  0 773
2002  8 14 10 15 773
2002  8 14 10 30 774
2002  8 14 10 45 774
2002  8 14 11  0 775
2002  8 14 11 15 776
2002  8 14 11 30 776
2002  8 14 11 45 777
2002  8 14 12  0 777
2002  8 14 12 15 778
2002  8 14 12 30 778
2002  8 14 12 45 778
2002  8 14 13  0 779
2002  8 14 13 15 779
2002  8 14 13 30 779
2002  8 14 13 45 780
2002  8 14 14  0 780
2002  8 14 14 15 780
2002  8 14 14 30 780
2002  8 14 14 45 781
2002  8 14 15  0 781
2002  8 14 15 15 781
2002  8 14 15 30 781
2002  8 14 15 45 781
2002  8 14 16  0 781
2002  8 14 16 15 781
2002  8 14 16 30 781
2002  8 14 16 45 781
2002  8 14 17  0 781
2002  8 14 17 15 781
2002  8 14 17 30 781
2002  8 14 17 45 781
2002  8 14 18  0 781
2002  8 14 18 15 781
2002  8 14 18 30 781
2002  8 14 18 45 781
2002  8 14 19  0 781
2002  8 14 19 15 781
2002  8 14 19 30 781
2002  8 14 19 45 781
2002  8 14 20  0 781
2002  8 14 20 15 780
2002  8 14 20 30 780
2002  8 14 20 45 780
2002  8 14 21  0 780
2002  8 14 21 15 780
2002  8 14 21 30 780
2002  8 14 21 45 780
2002  8 14 22  0 779
2002  8 14 22 15 779
2002  8 14 22 30 779
2002  8 14 22 45 779
2002  8 14 23  0 779
2002  8 14 23 15 778
2002  8 14 23 30 778
2002  8 14 23 45 778
2002  8 15  0  0 778
2002  8 15  0 15 778
2002  8 15  0 30 778
2002  8 15  0 45 778
2002  8 15  1  0 777
2002  8 15  1 15 777
2002  8 15  1 30 777
2002  8 15  1 45 777
2002  8 15  2  0 777
2002  8 15  2 15 776
2002  8 15  2 30 777
2002  8 15  2 45 776
2002  8 15  3  0 776
2002  8 15  3 15 776
2002  8 15  3 30 776
2002  8 15  3 45 775
2002  8 15  4  0 775
2002  8 15  4 15 775
2002  8 15  4 30 775
2002  8 15  4 45 775
2002  8 15  5  0 775
2002  8 15  5 15 774
2002  8 15  5 30 774
2002  8 15  5 45 774
2002  8 15  6  0 774
2002  8 15  6 15 774
2002  8 15  6 30 774
2002  8 15  6 45 774
2002  8 15  7  0 774
2002  8 15  7 15 774
2002  8 15  7 30 773
2002  8 15  7 45 773
2002  8 15  8  0 773
2002  8 15  8 15 773
2002  8 15  8 30 773
2002  8 15  8 45 773
2002  8 15  9  0 773
2002  8 15  9 15 773
2002  8 15  9 30 773
2002  8 15  9 45 773
2002  8 15 10  0 773
2002  8 15 10 15 773
2002  8 15 10 30 773
2002  8 15 10 45 773
2002  8 15 11  0 774
2002  8 15 11 15 774
2002  8 15 11 30 774
2002  8 15 11 45 774
2002  8 15 12  0 774
2002  8 15 12 15 774
2002  8 15 12 30 774
2002  8 15 12 45 774
2002  8 15 13  0 775
2002  8 15 13 15 775
2002  8 15 13 30 775
2002  8 15 13 45 775
2002  8 15 14  0 776
2002  8 15 14 15 776
2002  8 15 14 30 776
2002  8 15 14 45 777
2002  8 15 15  0 777
2002  8 15 15 15 778
2002  8 15 15 30 778
2002  8 15 15 45 778
2002  8 15 16  0 779
2002  8 15 16 15 779
2002  8 15 16 30 779
2002  8 15 16 45 780
2002  8 15 17  0 780
2002  8 15 17 15 781
2002  8 15 17 30 781
2002  8 15 17 45 781
2002  8 15 18  0 782
2002  8 15 18 15 782
2002  8 15 18 30 783
2002  8 15 18 45 783
2002  8 15 19  0 784
2002  8 15 19 15 784
2002  8 15 19 30 785
2002  8 15 19 45 785
2002  8 15 20  0 786
2002  8 15 20 15 786
2002  8 15 20 30 787
2002  8 15 20 45 787
2002  8 15 21  0 788
2002  8 15 21 30 790
2002  8 15 21 45 790
2002  8 15 22  0 791
2002  8 15 22 15 791
2002  8 15 22 30 792
2002  8 15 22 45 793
2002  8 15 23  0 793
2002  8 15 23 15 794
2002  8 15 23 30 795
2002  8 15 23 45 795
2002  8 16  0  0 796
2002  8 16  0 15 797
2002  8 16  0 30 797
2002  8 16  0 45 798
2002  8 16  1  0 799
2002  8 16  1 15 799
2002  8 16  1 30 800
2002  8 16  1 45 800
2002  8 16  2  0 801
2002  8 16  2 15 802
2002  8 16  2 30 802
2002  8 16  2 45 803
2002  8 16  3  0 804
2002  8 16  3 15 804
2002  8 16  3 30 805
2002  8 16  3 45 806
2002  8 16  4  0 808
2002  8 16  4 15 809
2002  8 16  4 30 810
2002  8 16  4 45 812
2002  8 16  5  0 813
2002  8 16  5 15 814
2002  8 16  5 30 815
2002  8 16  5 45 816
2002  8 16  6  0 817
2002  8 16  6 15 818
2002  8 16  6 30 819
2002  8 16  6 45 820
2002  8 16  7  0 821
2002  8 16  7 15 822
2002  8 16  7 30 823
2002  8 16  7 45 824
2002  8 16  8  0 825
2002  8 16 10  0 829
2002  8 16 10  0 832
2002  8 16 10 15 832
2002  8 16 10 30 833
2002  8 16 10 45 833
2002  8 16 11  0 834
2002  8 16 11 15 834
2002  8 16 11 30 835
2002  8 16 11 45 835
2002  8 16 12  0 836
2002  8 16 12 15 837
2002  8 16 12 30 837
2002  8 16 12 45 838
2002  8 16 13  0 838
2002  8 16 13 15 839
2002  8 16 13 30 839
2002  8 16 13 45 840
2002  8 16 14  0 840
2002  8 16 14 15 841
2002  8 16 14 30 841
2002  8 16 14 45 842
2002  8 16 15  0 842
2002  8 16 15 15 843
2002  8 16 15 30 843
2002  8 16 15 45 844
2002  8 16 16  0 844
2002  8 16 16 15 846
2002  8 16 16 30 846
2002  8 16 16 45 847
2002  8 16 17  0 847
2002  8 16 17 15 848
2002  8 16 17 30 848
2002  8 16 17 45 849
2002  8 16 18  0 850
2002  8 16 18 15 851
2002  8 16 18 30 851
2002  8 16 18 45 852
2002  8 16 19  0 852
2002  8 16 19 15 852
2002  8 16 19 30 852
2002  8 16 19 45 853
2002  8 16 20  0 853
2002  8 16 20 15 854
2002  8 16 20 30 855
2002  8 16 20 45 855
2002  8 16 21  0 856
2002  8 16 21 15 856
2002  8 16 21 30 857
2002  8 16 21 45 858
2002  8 16 22  0 859
2002  8 16 22 15 860
2002  8 16 22 30 861
2002  8 16 22 45 863
2002  8 16 23  0 859
2002  8 16 23  0 864
2002  8 16 23 15 865
2002  8 16 23 30 866
2002  8 16 23 45 867
2002  8 17  0  0 869
2002  8 17  0 15 870
2002  8 17  0 30 871
2002  8 17  0 45 872
2002  8 17  1  0 869
2002  8 17  1  0 874
2002  8 17  1 15 875
2002  8 17  1 30 877
2002  8 17  1 45 878
2002  8 17  2  0 880
2002  8 17  2 15 881
2002  8 17  2 30 883
2002  8 17  2 45 884
2002  8 17  3  0 885
2002  8 17  3 15 885
2002  8 17  3 30 886
2002  8 17  3 45 887
2002  8 17  4  0 889
2002  8 17  4 15 890
2002  8 17  4 30 891
2002  8 17  4 45 893
2002  8 17  5  0 894
2002  8 17  5  0 895
2002  8 17  5 15 895
2002  8 17  5 30 897
2002  8 17  5 45 898
2002  8 17  6  0 899
2002  8 17  6 15 900
2002  8 17  6 30 901
2002  8 17  6 45 903
2002  8 17  7  0 900
2002  8 17  7  0 904
2002  8 17  7 15 905
2002  8 17  7 30 906
2002  8 17  7 45 908
2002  8 17  8  0 909
2002  8 17  8 15 910
2002  8 17  8 30 911
2002  8 17  8 45 912
2002  8 17  9  0 913
2002  8 17  9 15 914
2002  8 17  9 30 915
2002  8 17  9 45 916
2002  8 17 10  0 917
2002  8 17 10 15 918
2002  8 17 10 30 919
2002  8 17 10 45 920
2002  8 17 11  0 921
2002  8 17 11 15 922
2002  8 17 11 30 922
2002  8 17 11 45 923
2002  8 17 12  0 924
2002  8 17 12 15 925
2002  8 17 12 30 926
2002  8 17 12 45 927
2002  8 17 13  0 924
2002  8 17 13  0 927
2002  8 17 13 15 928
2002  8 17 13 30 928
2002  8 17 13 45 929
2002  8 17 14  0 930
2002  8 17 15  0 932
2002  8 17 16  0 934
2002  8 17 17  0 936
2002  8 17 18  0 938
2002  8 17 19  0 938
2002  8 17 19  0 939
2002  8 17 20  0 940
2002  8 17 21  0 941
2002  8 17 22  0 942
2002  8 17 23  0 943
2002  8 18  0  0 944
2002  8 18  1  0 944
2002  8 18  1  0 945
2002  8 18  2  0 945
2002  8 18  3  0 945
2002  8 18  4  0 945
2002  8 18  5  0 945
2002  8 18  6  0 944
2002  8 18  7  0 944
2002  8 18  8  0 944
2002  8 18  9  0 943
2002  8 18 10  0 942
2002  8 18 11  0 939
2002  8 18 12  0 937
2002  8 18 13  0 935
2002  8 18 13  0 937
2002  8 18 14  0 934
2002  8 18 15  0 931
2002  8 18 16  0 930
2002  8 18 17  0 928
2002  8 18 18  0 926
2002  8 18 19  0 924
2002  8 18 19  0 926
2002  8 18 20  0 922
2002  8 18 21  0 918
2002  8 18 22  0 916
2002  8 18 23  0 914
2002  8 19  0  0 912
2002  8 19  1  0 910
2002  8 19  1  0 912
2002  8 19  2  0 907
2002  8 19  3  0 904
2002  8 19  4  0 901
2002  8 19  5  0 898
2002  8 19  6  0 895
2002  8 19  7  0 892
2002  8 19  7  0 895
2002  8 19  8  0 889
2002  8 19  9  0 886
2002  8 19 10  0 882
2002  8 19 11  0 879
2002  8 19 12  0 883
2002  8 19 13  0 880
2002  8 19 13  0 883
2002  8 19 14  0 876
2002  8 19 15  0 872
2002  8 19 16  0 870
2002  8 19 17  0 867
2002  8 19 18  0 864
2002  8 19 19  0 861
2002  8 19 19  0 864
2002  8 19 20  0 858
2002  8 19 21  0 854
2002  8 19 22  0 850
2002  8 19 23  0 846
2002  8 20  0  0 842
2002  8 20  0 15 841
2002  8 20  0 30 840
2002  8 20  0 45 839
2002  8 20  1  0 838
2002  8 20  1  0 842
2002  8 20  1 15 837
2002  8 20  1 30 836
2002  8 20  1 45 835
2002  8 20  2  0 834
2002  8 20  2  0 835
2002  8 20  2 15 833
2002  8 20  2 30 832
2002  8 20  2 45 831
2002  8 20  3  0 830
2002  8 20  3 15 829
2002  8 20  3 30 828
2002  8 20  3 45 827
2002  8 20  4  0 825
2002  8 20  4  0 826
2002  8 20  4 15 825
2002  8 20  4 30 824
2002  8 20  4 45 823
2002  8 20  5  0 821
2002  8 20  5  0 822
2002  8 20  5 15 820
2002  8 20  5 30 820
2002  8 20  5 45 819
2002  8 20  6  0 818
2002  8 20  6 15 817
2002  8 20  6 30 816
2002  8 20  6 45 815
2002  8 20  7  0 813
2002  8 20  7  0 814
2002  8 20  7  0 818
2002  8 20  7 15 813
2002  8 20  7 30 812
2002  8 20  7 45 811
2002  8 20  8  0 805
2002  8 20  8  0 808
2002  8 20  8 15 804
2002  8 20  8 30 803
2002  8 20  8 45 803
2002  8 20  9  0 801
2002  8 20  9  0 802
2002  8 20  9 15 801
2002  8 20  9 30 800
2002  8 20  9 45 799
2002  8 20 10  0 797
2002  8 20 10  0 798
2002  8 20 10 15 797
2002  8 20 10 30 796
2002  8 20 10 45 795
2002  8 20 11  0 793
2002  8 20 11  0 794
2002  8 20 11 15 793
2002  8 20 11 30 792
2002  8 20 11 45 791
2002  8 20 12  0 790
2002  8 20 12 15 789
2002  8 20 12 30 788
2002  8 20 12 45 787
2002  8 20 13  0 786
2002  8 20 13  0 790
2002  8 20 13 15 786
2002  8 20 13 30 785
2002  8 20 13 45 784
2002  8 20 14  0 782
2002  8 20 14 15 781
2002  8 20 14 30 781
2002  8 20 14 45 780
2002  8 20 15  0 779
2002  8 20 15 15 778
2002  8 20 15 30 777
2002  8 20 15 45 775
2002  8 20 16  0 774
2002  8 20 16 15 774
2002  8 20 16 30 773
2002  8 20 16 45 772
2002  8 20 17  0 771
2002  8 20 17 15 770
2002  8 20 17 30 769
2002  8 20 17 45 768
2002  8 20 18  0 767
2002  8 20 18 30 765
2002  8 20 18 45 764
2002  8 20 19  0 763
2002  8 20 19  0 765
2002  8 20 19 15 762
2002  8 20 19 30 761
2002  8 20 19 45 760
2002  8 20 20  0 758
2002  8 20 20 15 757
2002  8 20 20 30 756
2002  8 20 20 45 755
2002  8 20 21  0 754
2002  8 20 21 15 753
2002  8 20 21 30 752
2002  8 20 21 45 751
2002  8 20 22  0 750
2002  8 20 22 15 749
2002  8 20 22 30 748
2002  8 20 22 45 747
2002  8 20 23  0 746
2002  8 20 23 15 745
2002  8 20 23 30 744
2002  8 20 23 45 743
2002  8 21  0  0 742
2002  8 21  0 15 741
2002  8 21  0 30 740
2002  8 21  0 45 739
2002  8 21  1  0 738
2002  8 21  1  0 742
2002  8 21  1 15 737
2002  8 21  1 30 736
2002  8 21  1 45 735
2002  8 21  2  0 734
2002  8 21  2 15 733
2002  8 21  2 30 732
2002  8 21  2 45 731
2002  8 21  3  0 730
2002  8 21  3 15 728
2002  8 21  3 30 728
2002  8 21  3 45 726
2002  8 21  4  0 725
2002  8 21  4 15 724
2002  8 21  4 30 723
2002  8 21  4 45 722
2002  8 21  5  0 721
2002  8 21  5 15 719
2002  8 21  5 30 718
2002  8 21  5 45 718
2002  8 21  6  0 716
2002  8 21  6 15 715
2002  8 21  6 30 714
2002  8 21  6 45 713
2002  8 21  7  0 712
2002  8 21  7  0 716
2002  8 21  7 15 711
2002  8 21  7 30 709
2002  8 21  7 45 708
2002  8 21  8  0 707
2002  8 21  8 15 706
2002  8 21  8 30 705
2002  8 21  8 45 703
2002  8 21  9  0 702
2002  8 21  9 15 701
2002  8 21  9 30 700
2002  8 21  9 45 699
2002  8 21 10  0 698
2002  8 21 10 15 697
2002  8 21 10 30 695
2002  8 21 10 45 694
2002  8 21 11  0 693
2002  8 21 11 15 692
2002  8 21 11 30 690
2002  8 21 11 45 689
2002  8 21 12  0 688
2002  8 21 12 15 686
2002  8 21 12 30 685
2002  8 21 12 45 684
2002  8 21 13  0 683
2002  8 21 13  0 688
2002  8 21 13 15 681
2002  8 21 13 30 680
2002  8 21 13 45 679
2002  8 21 14  0 677
2002  8 21 14 15 676
2002  8 21 14 30 675
2002  8 21 14 45 674
2002  8 21 15  0 672
2002  8 21 15 15 671
2002  8 21 15 30 670
2002  8 21 15 45 668
2002  8 21 16  0 667
2002  8 21 16 15 666
2002  8 21 16 30 665
2002  8 21 16 45 663
2002  8 21 17  0 662
2002  8 21 17 15 661
2002  8 21 17 30 660
2002  8 21 17 45 658
2002  8 21 18  0 657
2002  8 21 18 15 656
2002  8 21 18 30 654
2002  8 21 18 45 653
2002  8 21 19  0 652
2002  8 21 19  0 656
2002  8 21 19 15 651
2002  8 21 19 30 649
2002  8 21 19 45 648
2002  8 21 20  0 647
2002  8 21 20 15 646
2002  8 21 20 30 645
2002  8 21 20 45 643
2002  8 21 21  0 642
2002  8 21 21 15 641
2002  8 21 21 30 639
2002  8 21 21 45 638
2002  8 21 22  0 637
2002  8 21 22 15 636
2002  8 21 22 30 635
2002  8 21 22 45 634
2002  8 21 23  0 633
2002  8 21 23 15 632
2002  8 21 23 30 631
2002  8 21 23 45 630
2002  8 22  0  0 629
2002  8 22  0 15 628
2002  8 22  0 30 626
2002  8 22  0 45 625
2002  8 22  1  0 624
2002  8 22  1  0 628
2002  8 22  1 15 623
2002  8 22  1 30 622
2002  8 22  1 45 621
2002  8 22  2  0 620
2002  8 22  2 15 619
2002  8 22  2 30 618
2002  8 22  2 45 617
2002  8 22  3  0 616
2002  8 22  3 15 615
2002  8 22  3 30 614
2002  8 22  3 45 613
2002  8 22  4  0 612
2002  8 22  4 15 611
2002  8 22  4 30 610
2002  8 22  4 45 609
2002  8 22  5  0 608
2002  8 22  5 15 607
2002  8 22  5 30 606
2002  8 22  5 45 605
2002  8 22  6  0 604
2002  8 22  6 15 603
2002  8 22  6 30 602
2002  8 22  6 45 602
2002  8 22  7  0 601
2002  8 22  7  0 604
2002  8 22  7 15 600
2002  8 22  7 30 599
2002  8 22  7 45 598
2002  8 22  8  0 597
2002  8 22  8 15 596
2002  8 22  8 30 595
2002  8 22  8 45 595
2002  8 22  9  0 594
2002  8 22  9 15 593
2002  8 22  9 30 592
2002  8 22  9 45 591
2002  8 22 10  0 590
2002  8 22 10 15 589
2002  8 22 10 30 588
2002  8 22 10 45 587
2002  8 22 11  0 586
2002  8 22 11 15 585
2002  8 22 11 30 585
2002  8 22 11 45 584
2002  8 22 12  0 583
2002  8 22 12 15 582
2002  8 22 12 30 581
2002  8 22 12 45 580
2002  8 22 13  0 579
2002  8 22 13  0 582
2002  8 22 13 15 578
2002  8 22 13 30 577
2002  8 22 13 45 576
2002  8 22 14  0 575
2002  8 22 14 15 574
2002  8 22 14 30 573
2002  8 22 14 45 572
2002  8 22 15  0 571
2002  8 22 15 15 570
2002  8 22 15 30 569
2002  8 22 15 45 568
2002  8 22 16  0 567
2002  8 22 16 15 566
2002  8 22 16 30 565
2002  8 22 16 45 564
2002  8 22 17  0 563
2002  8 22 17 15 562
2002  8 22 17 30 561
2002  8 22 17 45 560
2002  8 22 18  0 559
2002  8 22 18 15 557
2002  8 22 18 30 556
2002  8 22 18 45 555
2002  8 22 19  0 554
2002  8 22 19  0 557
2002  8 22 19 15 554
2002  8 22 19 30 552
2002  8 22 19 45 552
2002  8 22 20  0 551
2002  8 22 20 15 550
2002  8 22 20 30 549
2002  8 22 20 45 548
2002  8 22 21  0 547
2002  8 22 21 15 546
2002  8 22 21 30 545
2002  8 22 21 45 545
2002  8 22 22  0 544
2002  8 22 22 15 543
2002  8 22 22 30 542
2002  8 22 22 45 541
2002  8 22 23  0 540
2002  8 22 23 15 539
2002  8 22 23 30 539
2002  8 22 23 45 538
2002  8 23  0  0 538
2002  8 23  0 15 537
2002  8 23  0 30 537
2002  8 23  0 45 536
2002  8 23  1  0 536
2002  8 23  1  0 537
2002  8 23  1 15 535
2002  8 23  1 30 535
2002  8 23  1 45 534
2002  8 23  2  0 534
2002  8 23  2 15 534
2002  8 23  2 30 533
2002  8 23  2 45 533
2002  8 23  3  0 533
2002  8 23  3 15 532
2002  8 23  3 30 532
2002  8 23  3 45 532
2002  8 23  4  0 531
2002  8 23  4 15 531
2002  8 23  4 30 531
2002  8 23  4 45 531
2002  8 23  5  0 531
2002  8 23  5 15 531
2002  8 23  5 30 530
2002  8 23  5 45 530
2002  8 23  6  0 530
2002  8 23  7  0 530
2002  8 23 13  0 528
2002  8 23 14  0 527
2002  8 23 19  0 522
2002  8 24  1  0 511
2002  8 24  1  0 512
2002  8 24  2  0 509
2002  8 24  3  0 507
2002  8 24  4  0 505
2002  8 24  5  0 503
2002  8 24  6  0 501
2002  8 24  7  0 499
2002  8 24  7  0 501
2002  8 24  8  0 497
2002  8 24  9  0 494
2002  8 24 10  0 491
2002  8 24 11  0 489
2002  8 24 12  0 487
2002  8 24 13  0 484
2002  8 24 13  0 485
2002  8 24 14  0 482
2002  8 24 15  0 479
2002  8 24 16  0 477
2002  8 24 17  0 475
2002  8 24 18  0 473
2002  8 24 19  0 471
2002  8 24 19  0 473
2002  8 24 20  0 469
2002  8 24 21  0 467
2002  8 24 22  0 465
2002  8 25  0  0 463
2002  8 25  1  0 462
2002  8 25  1  0 463
2002  8 25  2  0 461
2002  8 25  4  0 460
2002  8 25  5  0 460
2002  8 25  6  0 459
2002  8 25  7  0 459
2002  8 25  8  0 459
2002  8 25  9  0 459
2002  8 25 10  0 459
2002  8 25 11  0 460
2002  8 25 12  0 460
2002  8 25 13  0 460
2002  8 25 14  0 460
2002  8 25 15  0 460
2002  8 25 16  0 460
2002  8 25 17  0 460
2002  8 25 18  0 459
2002  8 25 19  0 459
2002  8 25 19  0 460
2002  8 25 20  0 459
2002  8 25 21  0 458
2002  8 25 22  0 458
2002  8 25 23  0 457
2002  8 26  0  0 456
2002  8 26  0 15 456
2002  8 26  0 30 456
2002  8 26  0 45 456
2002  8 26  1  0 455
2002  8 26  1  0 456
2002  8 26  1 15 455
2002  8 26  1 30 455
2002  8 26  1 45 455
2002  8 26  2  0 455
2002  8 26  2 15 455
2002  8 26  2 30 455
2002  8 26  2 45 454
2002  8 26  3  0 454
2002  8 26  3 15 454
2002  8 26  3 30 454
2002  8 26  3 45 454
2002  8 26  4  0 454
2002  8 26  4 15 454
2002  8 26  4 30 454
2002  8 26  4 45 454
2002  8 26  5  0 453
2002  8 26  5 15 453
2002  8 26  5 30 453
2002  8 26  5 45 453
2002  8 26  6  0 451
2002  8 26  6 15 451
2002  8 26  6 30 451
2002  8 26  6 45 451
2002  8 26  7  0 451
2002  8 26  7 15 451
2002  8 26  7 30 451
2002  8 26  7 45 451
2002  8 26  8  0 451
2002  8 26  8 15 451
2002  8 26  8 30 451
2002  8 26  8 45 450
2002  8 26  9  0 450
2002  8 26  9 15 451
2002  8 26  9 30 451
2002  8 26  9 45 451
2002  8 26 10  0 451
2002  8 26 10 15 451
2002  8 26 10 30 451
2002  8 26 10 45 451
2002  8 26 11  0 451
2002  8 26 11 15 451
2002  8 26 11 30 451
2002  8 26 11 45 451
2002  8 26 12  0 451
2002  8 26 12 15 451
2002  8 26 12 30 451
2002  8 26 12 45 451
2002  8 26 13  0 451
2002  8 26 13 15 451
2002  8 26 13 30 451
2002  8 26 13 45 451
2002  8 26 14  0 451
2002  8 26 14 15 451
2002  8 26 14 30 451
2002  8 26 14 45 451
2002  8 26 15  0 451
2002  8 26 15 15 451
2002  8 26 15 30 451
2002  8 26 15 45 451
2002  8 26 16  0 451
2002  8 26 16 15 451
2002  8 26 16 30 451
2002  8 26 16 45 451
2002  8 26 17  0 451
2002  8 26 17 15 451
2002  8 26 17 30 451
2002  8 26 17 45 450
2002  8 26 18  0 450
2002  8 26 18 15 450
2002  8 26 18 30 450
2002  8 26 18 45 450
2002  8 26 19  0 449
2002  8 26 19 15 450
2002  8 26 19 30 449
2002  8 26 19 45 449
2002  8 26 20  0 449
2002  8 26 20 15 449
2002  8 26 20 30 449
2002  8 26 20 45 448
2002  8 26 21  0 448
2002  8 26 21 15 448
2002  8 26 21 30 448
2002  8 26 21 45 447
2002  8 26 22  0 447
2002  8 26 22 15 447
2002  8 26 22 30 447
2002  8 26 22 45 446
2002  8 26 23  0 446
2002  8 26 23 15 446
2002  8 26 23 30 446
2002  8 26 23 45 446
2002  8 27  0  0 445
2002  8 27  0 15 445
2002  8 27  0 30 445
2002  8 27  0 45 444
2002  8 27  1  0 444
2002  8 27  1 15 443
2002  8 27  1 30 443
2002  8 27  1 45 443
2002  8 27  2  0 442
2002  8 27  2 15 442
2002  8 27  2 30 442
2002  8 27  2 45 441
2002  8 27  3  0 441
2002  8 27  3 15 441
2002  8 27  3 30 440
2002  8 27  3 45 440
2002  8 27  4  0 439
2002  8 27  4 15 439
2002  8 27  4 30 438
2002  8 27  4 45 438
2002  8 27  5  0 437
2002  8 27  5 15 437
2002  8 27  5 30 437
2002  8 27  5 45 437
2002  8 27  6  0 436
2002  8 27  6 15 436
2002  8 27  6 30 436
2002  8 27  6 45 435
2002  8 27  7  0 435
2002  8 27  7 15 435
2002  8 27  7 30 434
2002  8 27  7 45 434
2002  8 27  8  0 434
2002  8 27  8 15 433
2002  8 27  8 30 433
2002  8 27  8 45 433
2002  8 27  9  0 432
2002  8 27  9 15 432
2002  8 27  9 30 432
2002  8 27  9 45 431
2002  8 27 10  0 431
2002  8 27 10 15 431
2002  8 27 10 30 431
2002  8 27 10 45 430
2002  8 27 11  0 430
2002  8 27 11 15 430
2002  8 27 11 30 429
2002  8 27 11 45 429
2002  8 27 12  0 429
2002  8 27 12 15 429
2002  8 27 12 30 428
2002  8 27 12 45 428
2002  8 27 13  0 427
2002  8 27 13 15 427
2002  8 27 13 30 427
2002  8 27 13 45 427
2002  8 27 14  0 426
2002  8 27 14 15 426
2002  8 27 14 30 426
2002  8 27 14 45 426
2002  8 27 15  0 425
2002  8 27 15 15 425
2002  8 27 15 30 425
2002  8 27 15 45 425
2002  8 27 16  0 425
2002  8 27 16 15 424
2002  8 27 16 30 424
2002  8 27 16 45 424
2002  8 27 17  0 423
2002  8 27 17 15 423
2002  8 27 17 30 423
2002  8 27 17 45 423
2002  8 27 18  0 423
2002  8 27 18 15 423
2002  8 27 18 30 422
2002  8 27 18 45 422
2002  8 27 19  0 422
2002  8 27 19 15 422
2002  8 27 19 30 422
2002  8 27 19 45 422
2002  8 27 20  0 421
2002  8 27 20 15 421
2002  8 27 20 30 421
2002  8 27 20 45 421
2002  8 27 21  0 420
2002  8 27 21 15 420
2002  8 27 21 30 420
2002  8 27 21 45 420
2002  8 27 22  0 420
2002  8 27 22 15 420
2002  8 27 22 30 419
2002  8 27 22 45 419
2002  8 27 23  0 419
2002  8 27 23 15 419
2002  8 27 23 30 419
2002  8 27 23 45 418
2002  8 28  0  0 418
2002  8 28  0 15 418
2002  8 28  0 30 418
2002  8 28  0 45 417
2002  8 28  1  0 417
2002  8 28  1 15 417
2002  8 28  1 30 417
2002  8 28  1 45 416
2002  8 28  2  0 416
2002  8 28  2 15 416
2002  8 28  2 30 416
2002  8 28  2 45 416
2002  8 28  3  0 415
2002  8 28  3 15 415
2002  8 28  3 30 415
2002  8 28  3 45 414
2002  8 28  4  0 414
2002  8 28  4 15 414
2002  8 28  4 30 413
2002  8 28  4 45 413
2002  8 28  5  0 412
2002  8 28  5 15 412
2002  8 28  5 30 412
2002  8 28  5 45 411
2002  8 28  6  0 411
2002  8 28  6 15 410
2002  8 28  6 30 410
2002  8 28  6 45 410
2002  8 28  7  0 409
2002  8 28  7 15 409
2002  8 28  7 30 408
2002  8 28  7 45 408
2002  8 28  8  0 407
2002  8 28  8 15 407
2002  8 28  8 30 406
2002  8 28  8 45 406
2002  8 28  9  0 405
2002  8 28  9 15 405
2002  8 28  9 30 404
2002  8 28  9 45 404
2002  8 28 10  0 403
2002  8 28 10 15 403
2002  8 28 10 30 402
2002  8 28 10 45 402
2002  8 28 11  0 401
2002  8 28 11 15 401
2002  8 28 11 30 400
2002  8 28 11 45 400
2002  8 28 12  0 399
2002  8 28 12 15 399
2002  8 28 12 30 398
2002  8 28 12 45 398
2002  8 28 13  0 397
2002  8 28 13 15 397
2002  8 28 13 30 396
2002  8 28 13 45 395
2002  8 28 14  0 395
2002  8 28 14 15 394
2002  8 28 14 30 393
2002  8 28 14 45 393
2002  8 28 15  0 392
2002  8 28 15 15 392
2002  8 28 15 30 391
2002  8 28 15 45 390
2002  8 28 16  0 390
2002  8 28 16 15 389
2002  8 28 16 30 389
2002  8 28 16 45 388
2002  8 28 17  0 387
2002  8 28 17 15 387
2002  8 28 17 30 386
2002  8 28 17 45 386
2002  8 28 18  0 385
2002  8 28 18 15 384
2002  8 28 18 30 384
2002  8 28 18 45 383
2002  8 28 19  0 383
2002  8 28 19 15 382
2002  8 28 19 30 382
2002  8 28 19 45 382
2002  8 28 20  0 381
2002  8 28 20 15 380
2002  8 28 20 30 380
2002  8 28 20 45 379
2002  8 28 21  0 379
2002  8 28 21 15 379
2002  8 28 21 30 378
2002  8 28 21 45 378
2002  8 28 22  0 377
2002  8 28 22 15 377
2002  8 28 22 30 376
2002  8 28 22 45 376
2002  8 28 23  0 376
2002  8 28 23 15 376
2002  8 28 23 30 375
2002  8 28 23 45 375
2002  8 29  0  0 375
2002  8 29  0 15 375
2002  8 29  0 30 374
2002  8 29  0 45 374
2002  8 29  1  0 374
2002  8 29  1 15 373
2002  8 29  1 30 373
2002  8 29  1 45 373
2002  8 29  2  0 373
2002  8 29  2 15 373
2002  8 29  2 30 373
2002  8 29  2 45 373
2002  8 29  3  0 372
2002  8 29  3 15 372
2002  8 29  3 30 372
2002  8 29  3 45 372
2002  8 29  4  0 371
2002  8 29  4 15 371
2002  8 29  4 30 371
2002  8 29  4 45 371
2002  8 29  5  0 371
2002  8 29  5 15 371
2002  8 29  5 30 371
2002  8 29  5 45 371
2002  8 29  6  0 370
2002  8 29  6 15 370
2002  8 29  6 30 370
2002  8 29  6 45 370
2002  8 29  7  0 370
2002  8 29  7 15 369
2002  8 29  7 30 369
2002  8 29  7 45 369
2002  8 29  8  0 369
2002  8 29  8 15 369
2002  8 29  8 30 369
2002  8 29  8 45 368
2002  8 29  9  0 368
2002  8 29  9 15 368
2002  8 29  9 30 368
2002  8 29  9 45 368
2002  8 29 10  0 368
2002  8 29 10 15 368
2002  8 29 10 30 367
2002  8 29 10 45 367
2002  8 29 11  0 367
2002  8 29 11 15 367
2002  8 29 11 30 367
2002  8 29 11 45 367
2002  8 29 12  0 367
2002  8 29 12 15 366
2002  8 29 12 30 366
2002  8 29 12 45 366
2002  8 29 13  0 366
2002  8 29 13 15 366
2002  8 29 13 30 365
2002  8 29 13 45 365
2002  8 29 14  0 365
2002  8 29 14 15 365
2002  8 29 14 30 365
2002  8 29 14 45 365
2002  8 29 15  0 364
2002  8 29 15 15 364
2002  8 29 15 30 364
2002  8 29 15 45 364
2002  8 29 16  0 364
2002  8 29 16 15 363
2002  8 29 16 30 363
2002  8 29 16 45 363
2002  8 29 17  0 363
2002  8 29 17 15 363
2002  8 29 17 30 362
2002  8 29 17 45 362
2002  8 29 18  0 362
2002  8 29 18 15 362
2002  8 29 18 30 362
2002  8 29 18 45 362
2002  8 29 19  0 362
2002  8 29 19 15 361
2002  8 29 19 30 361
2002  8 29 19 45 361
2002  8 29 20  0 361
2002  8 29 20 15 360
2002  8 29 20 30 360
2002  8 29 20 45 360
2002  8 29 21  0 360
2002  8 29 21 15 360
2002  8 29 21 30 359
2002  8 29 21 45 359
2002  8 29 22  0 359
2002  8 29 22 15 359
2002  8 29 22 30 358
2002  8 29 22 45 358
2002  8 29 23  0 358
2002  8 29 23 15 357
2002  8 29 23 30 357
2002  8 29 23 45 357
2002  8 30  0  0 357
2002  8 30  0 15 357
2002  8 30  0 30 356
2002  8 30  0 45 356
2002  8 30  1  0 356
2002  8 30  1 15 355
2002  8 30  1 30 355
2002  8 30  1 45 355
2002  8 30  2  0 354
2002  8 30  2 15 354
2002  8 30  2 30 354
2002  8 30  2 45 353
2002  8 30  3  0 353
2002  8 30  3 15 353
2002  8 30  3 30 353
2002  8 30  3 45 352
2002  8 30  4  0 352
2002  8 30  4 15 352
2002  8 30  4 30 352
2002  8 30  4 45 351
2002  8 30  5  0 351
