2002  7 31  0  0 131
2002  7 31  0 15 131
2002  7 31  0 30 131
2002  7 31  0 45 131
2002  7 31  1  0 131
2002  7 31  1 15 131
2002  7 31  1 30 131
2002  7 31  1 45 131
2002  7 31  2  0 131
2002  7 31  2 15 131
2002  7 31  2 30 131
2002  7 31  2 45 131
2002  7 31  3  0 131
2002  7 31  3 15 130
2002  7 31  3 30 130
2002  7 31  3 45 130
2002  7 31  4  0 130
2002  7 31  4 15 130
2002  7 31  4 30 130
2002  7 31  4 45 130
2002  7 31  5  0 130
2002  7 31  5 15 130
2002  7 31  5 30 130
2002  7 31  5 45 130
2002  7 31  6  0 130
2002  7 31  6 15 131
2002  7 31  6 30 129
2002  7 31  6 45 130
2002  7 31  7  0 130
2002  7 31  7 15 130
2002  7 31  7 30 130
2002  7 31  7 45 129
2002  7 31  8  0 129
2002  7 31  8 15 129
2002  7 31  8 30 129
2002  7 31  8 45 129
2002  7 31  9  0 129
2002  7 31  9 15 129
2002  7 31  9 30 129
2002  7 31  9 45 129
2002  7 31 10  0 129
2002  7 31 10 15 129
2002  7 31 10 30 129
2002  7 31 10 45 129
2002  7 31 11  0 129
2002  7 31 11 15 129
2002  7 31 11 30 129
2002  7 31 11 45 129
2002  7 31 12  0 129
2002  7 31 12 15 129
2002  7 31 12 30 129
2002  7 31 12 45 129
2002  7 31 13  0 129
2002  7 31 13 15 129
2002  7 31 13 30 129
2002  7 31 13 45 129
2002  7 31 14  0 129
2002  7 31 14 15 129
2002  7 31 14 30 129
2002  7 31 14 45 129
2002  7 31 15  0 129
2002  7 31 15 15 130
2002  7 31 15 30 130
2002  7 31 15 45 129
2002  7 31 16  0 129
2002  7 31 16 15 129
2002  7 31 16 30 129
2002  7 31 16 45 129
2002  7 31 17  0 129
2002  7 31 17 15 130
2002  7 31 17 30 129
2002  7 31 17 45 129
2002  7 31 18  0 129
2002  7 31 18 15 129
2002  7 31 18 30 129
2002  7 31 18 45 129
2002  7 31 19  0 129
2002  7 31 19 15 129
2002  7 31 19 30 129
2002  7 31 19 45 129
2002  7 31 20  0 129
2002  7 31 20 15 129
2002  7 31 20 30 129
2002  7 31 20 45 129
2002  7 31 21  0 129
2002  7 31 21 15 129
2002  7 31 21 30 129
2002  7 31 21 45 129
2002  7 31 22  0 129
2002  7 31 22 15 129
2002  7 31 22 30 129
2002  7 31 22 45 129
2002  7 31 23  0 129
2002  7 31 23 15 129
2002  7 31 23 30 129
2002  7 31 23 45 129
2002  8  1  0  0 129
2002  8  1  0 15 129
2002  8  1  0 30 129
2002  8  1  0 45 129
2002  8  1  1  0 129
2002  8  1  1 15 129
2002  8  1  1 30 128
2002  8  1  1 45 128
2002  8  1  2  0 128
2002  8  1  2 15 128
2002  8  1  2 30 128
2002  8  1  2 45 128
2002  8  1  3  0 128
2002  8  1  3 15 128
2002  8  1  3 30 128
2002  8  1  3 45 128
2002  8  1  4  0 128
2002  8  1  4 15 128
2002  8  1  4 30 128
2002  8  1  4 45 128
2002  8  1  5  0 127
2002  8  1  5 15 127
2002  8  1  5 30 128
2002  8  1  5 45 127
2002  8  1  6  0 127
2002  8  1  6 15 127
2002  8  1  6 30 127
2002  8  1  6 45 127
2002  8  1  7  0 127
2002  8  1  7 15 127
2002  8  1  7 30 126
2002  8  1  7 45 126
2002  8  1  8  0 126
2002  8  1  8 15 126
2002  8  1  8 30 126
2002  8  1  8 45 126
2002  8  1  9  0 126
2002  8  1  9 15 126
2002  8  1  9 30 126
2002  8  1  9 45 126
2002  8  1 10  0 126
2002  8  1 10 15 126
2002  8  1 10 30 126
2002  8  1 10 45 126
2002  8  1 11  0 126
2002  8  1 11 15 126
2002  8  1 11 30 126
2002  8  1 11 45 125
2002  8  1 12  0 125
2002  8  1 12 15 125
2002  8  1 12 30 125
2002  8  1 12 45 125
2002  8  1 13  0 125
2002  8  1 13 15 125
2002  8  1 13 30 125
2002  8  1 13 45 125
2002  8  1 14  0 125
2002  8  1 14 15 125
2002  8  1 14 30 126
2002  8  1 14 45 128
2002  8  1 15  0 129
2002  8  1 15 15 128
2002  8  1 15 30 128
2002  8  1 15 45 128
2002  8  1 16  0 127
2002  8  1 16 15 127
2002  8  1 16 30 127
2002  8  1 16 45 127
2002  8  1 17  0 126
2002  8  1 17 15 126
2002  8  1 17 30 126
2002  8  1 17 45 126
2002  8  1 18  0 126
2002  8  1 18 15 126
2002  8  1 18 30 127
2002  8  1 18 45 128
2002  8  1 19  0 128
2002  8  1 19 15 129
2002  8  1 19 30 129
2002  8  1 19 45 129
2002  8  1 20  0 129
2002  8  1 20 15 130
2002  8  1 20 30 129
2002  8  1 20 45 129
2002  8  1 21  0 129
2002  8  1 21 15 129
2002  8  1 21 30 129
2002  8  1 21 45 129
2002  8  1 22  0 129
2002  8  1 22 15 129
2002  8  1 22 30 128
2002  8  1 22 45 128
2002  8  1 23  0 128
2002  8  1 23 15 128
2002  8  1 23 30 128
2002  8  1 23 45 128
2002  8  2  0  0 128
2002  8  2  0 15 128
2002  8  2  0 30 128
2002  8  2  0 45 128
2002  8  2  1  0 128
2002  8  2  1 15 128
2002  8  2  1 30 128
2002  8  2  1 45 128
2002  8  2  2  0 128
2002  8  2  2 15 128
2002  8  2  2 30 128
2002  8  2  2 45 128
2002  8  2  3  0 128
2002  8  2  3 15 128
2002  8  2  3 30 128
2002  8  2  3 45 128
2002  8  2  4  0 128
2002  8  2  4 15 128
2002  8  2  4 30 128
2002  8  2  4 45 128
2002  8  2  5  0 128
2002  8  2  5 15 128
2002  8  2  5 30 128
2002  8  2  5 45 128
2002  8  2  6  0 128
2002  8  2  6 15 128
2002  8  2  6 30 128
2002  8  2  6 45 128
2002  8  2  7  0 128
2002  8  2  7 15 128
2002  8  2  7 30 128
2002  8  2  7 45 128
2002  8  2  8  0 127
2002  8  2  8 15 128
2002  8  2  8 30 127
2002  8  2  8 45 127
2002  8  2  9  0 127
2002  8  2  9 15 127
2002  8  2  9 30 127
2002  8  2  9 45 127
2002  8  2 10  0 127
2002  8  2 10 15 127
2002  8  2 10 30 127
2002  8  2 10 45 127
2002  8  2 11  0 127
2002  8  2 11 15 127
2002  8  2 11 30 127
2002  8  2 11 45 127
2002  8  2 12  0 127
2002  8  2 12 15 127
2002  8  2 12 30 127
2002  8  2 12 45 127
2002  8  2 13  0 127
2002  8  2 13 15 127
2002  8  2 13 30 127
2002  8  2 13 45 127
2002  8  2 14  0 127
2002  8  2 14 15 128
2002  8  2 14 30 127
2002  8  2 14 45 127
2002  8  2 15  0 127
2002  8  2 15 15 127
2002  8  2 15 30 127
2002  8  2 15 45 127
2002  8  2 16  0 127
2002  8  2 16 15 127
2002  8  2 16 30 127
2002  8  2 16 45 127
2002  8  2 17  0 127
2002  8  2 17 15 127
2002  8  2 17 30 127
2002  8  2 17 45 127
2002  8  2 18  0 127
2002  8  2 18 15 127
2002  8  2 18 30 127
2002  8  2 18 45 127
2002  8  2 19  0 127
2002  8  2 19 15 127
2002  8  2 19 30 127
2002  8  2 19 45 127
2002  8  2 20  0 127
2002  8  2 20 15 127
2002  8  2 20 30 127
2002  8  2 20 45 127
2002  8  2 21  0 127
2002  8  2 21 15 127
2002  8  2 21 30 127
2002  8  2 21 45 127
2002  8  2 22  0 127
2002  8  2 22 15 127
2002  8  2 22 30 127
2002  8  2 22 45 127
2002  8  2 23  0 127
2002  8  2 23 15 127
2002  8  2 23 30 127
2002  8  2 23 45 127
2002  8  3  0  0 127
2002  8  3  0 15 127
2002  8  3  0 30 127
2002  8  3  0 45 127
2002  8  3  1  0 127
2002  8  3  1 15 127
2002  8  3  1 30 127
2002  8  3  1 45 127
2002  8  3  2  0 127
2002  8  3  2 15 127
2002  8  3  2 30 127
2002  8  3  2 45 127
2002  8  3  3  0 127
2002  8  3  3 15 127
2002  8  3  3 30 127
2002  8  3  3 45 127
2002  8  3  4  0 127
2002  8  3  4 15 127
2002  8  3  4 30 127
2002  8  3  4 45 127
2002  8  3  5  0 127
2002  8  3  5 15 127
2002  8  3  5 30 127
2002  8  3  5 45 127
2002  8  3  6  0 127
2002  8  3  6 15 127
2002  8  3  6 30 127
2002  8  3  6 45 126
2002  8  3  7  0 126
2002  8  3  7 15 126
2002  8  3  7 30 126
2002  8  3  7 45 126
2002  8  3  8  0 126
2002  8  3  8 15 126
2002  8  3  8 30 126
2002  8  3  8 45 126
2002  8  3  9  0 126
2002  8  3  9 15 125
2002  8  3  9 30 125
2002  8  3  9 45 125
2002  8  3 10  0 125
2002  8  3 10 15 125
2002  8  3 10 30 125
2002  8  3 10 45 125
2002  8  3 11  0 125
2002  8  3 11 15 125
2002  8  3 11 30 125
2002  8  3 11 45 125
2002  8  3 12  0 125
2002  8  3 12 15 125
2002  8  3 12 30 125
2002  8  3 12 45 125
2002  8  3 13  0 125
2002  8  3 13 15 125
2002  8  3 13 30 124
2002  8  3 13 45 124
2002  8  3 14  0 124
2002  8  3 14 15 124
2002  8  3 14 30 125
2002  8  3 14 45 124
2002  8  3 15  0 125
2002  8  3 15 15 124
2002  8  3 15 30 124
2002  8  3 15 45 124
2002  8  3 16  0 124
2002  8  3 16 15 124
2002  8  3 16 30 124
2002  8  3 16 45 124
2002  8  3 17  0 124
2002  8  3 17 15 124
2002  8  3 17 30 124
2002  8  3 17 45 124
2002  8  3 18  0 124
2002  8  3 18 15 124
2002  8  3 18 30 124
2002  8  3 18 45 124
2002  8  3 19  0 124
2002  8  3 19 15 124
2002  8  3 19 30 124
2002  8  3 19 45 124
2002  8  3 20  0 125
2002  8  3 20 15 124
2002  8  3 20 30 124
2002  8  3 20 45 124
2002  8  3 21  0 124
2002  8  3 21 15 124
2002  8  3 21 30 125
2002  8  3 21 45 125
2002  8  3 22  0 124
2002  8  3 22 15 125
2002  8  3 22 30 125
2002  8  3 22 45 125
2002  8  3 23  0 125
2002  8  3 23 15 125
2002  8  3 23 30 125
2002  8  3 23 45 125
2002  8  4  0  0 125
2002  8  4  0 15 125
2002  8  4  0 30 125
2002  8  4  0 45 125
2002  8  4  1  0 126
2002  8  4  1 15 126
2002  8  4  1 30 126
2002  8  4  1 45 126
2002  8  4  2  0 126
2002  8  4  2 15 126
2002  8  4  2 30 126
2002  8  4  2 45 126
2002  8  4  3  0 126
2002  8  4  3 15 126
2002  8  4  3 30 126
2002  8  4  3 45 126
2002  8  4  4  0 127
2002  8  4  4 15 127
2002  8  4  4 30 127
2002  8  4  4 45 127
2002  8  4  5  0 127
2002  8  4  5 15 127
2002  8  4  5 30 127
2002  8  4  5 45 127
2002  8  4  6  0 127
2002  8  4  6 15 127
2002  8  4  6 30 127
2002  8  4  6 45 127
2002  8  4  7  0 127
2002  8  4  7 15 127
2002  8  4  7 30 127
2002  8  4  7 45 127
2002  8  4  8  0 127
2002  8  4  8 15 127
2002  8  4  8 30 127
2002  8  4  8 45 127
2002  8  4  9  0 127
2002  8  4  9 15 127
2002  8  4  9 30 127
2002  8  4  9 45 127
2002  8  4 10  0 127
2002  8  4 10 15 127
2002  8  4 10 30 127
2002  8  4 10 45 127
2002  8  4 11  0 127
2002  8  4 11 15 127
2002  8  4 11 30 127
2002  8  4 11 45 127
2002  8  4 12  0 128
2002  8  4 12 15 128
2002  8  4 12 30 128
2002  8  4 12 45 128
2002  8  4 13  0 128
2002  8  4 13 15 128
2002  8  4 13 30 128
2002  8  4 13 45 128
2002  8  4 14  0 128
2002  8  4 14 15 128
2002  8  4 14 30 128
2002  8  4 14 45 128
2002  8  4 15  0 128
2002  8  4 15 15 128
2002  8  4 15 30 128
2002  8  4 15 45 128
2002  8  4 16  0 128
2002  8  4 16 15 129
2002  8  4 16 30 129
2002  8  4 16 45 129
2002  8  4 17  0 129
2002  8  4 17 15 129
2002  8  4 17 30 129
2002  8  4 17 45 129
2002  8  4 18  0 129
2002  8  4 18 15 129
2002  8  4 18 30 129
2002  8  4 18 45 129
2002  8  4 19  0 130
2002  8  4 19 15 129
2002  8  4 19 30 129
2002  8  4 19 45 130
2002  8  4 20  0 130
2002  8  4 20 15 130
2002  8  4 20 30 130
2002  8  4 20 45 130
2002  8  4 21  0 130
2002  8  4 21 15 130
2002  8  4 21 30 130
2002  8  4 21 45 130
2002  8  4 22  0 130
2002  8  4 22 15 130
2002  8  4 22 30 130
2002  8  4 22 45 130
2002  8  4 23  0 130
2002  8  4 23 15 130
2002  8  4 23 30 130
2002  8  4 23 45 130
2002  8  5  0  0 130
2002  8  5  0 15 130
2002  8  5  0 30 130
2002  8  5  0 45 130
2002  8  5  1  0 130
2002  8  5  1 15 130
2002  8  5  1 30 130
2002  8  5  1 45 130
2002  8  5  2  0 130
2002  8  5  2 15 130
2002  8  5  2 30 130
2002  8  5  2 45 130
2002  8  5  3  0 130
2002  8  5  3 15 130
2002  8  5  3 30 130
2002  8  5  3 45 130
2002  8  5  4  0 130
2002  8  5  4 15 130
2002  8  5  4 30 130
2002  8  5  4 45 130
2002  8  5  5  0 130
2002  8  5  5 15 130
2002  8  5  5 30 130
2002  8  5  5 45 129
2002  8  5  6  0 129
2002  8  5  6 15 129
2002  8  5  6 30 129
2002  8  5  6 45 129
2002  8  5  7  0 129
2002  8  5  7 15 129
2002  8  5  7 30 129
2002  8  5  7 45 129
2002  8  5  8  0 129
2002  8  5  8 15 129
2002  8  5  8 30 129
2002  8  5  8 45 129
2002  8  5  9  0 129
2002  8  5  9 15 129
2002  8  5  9 30 129
2002  8  5  9 45 129
2002  8  5 10  0 128
2002  8  5 10 15 129
2002  8  5 10 30 129
2002  8  5 10 45 129
2002  8  5 11  0 128
2002  8  5 11 15 129
2002  8  5 11 30 128
2002  8  5 11 45 128
2002  8  5 12  0 128
2002  8  5 12 15 129
2002  8  5 12 30 128
2002  8  5 12 45 128
2002  8  5 13  0 128
2002  8  5 13 15 128
2002  8  5 13 30 128
2002  8  5 13 45 128
2002  8  5 14  0 128
2002  8  5 14 15 128
2002  8  5 14 30 128
2002  8  5 14 45 128
2002  8  5 15  0 128
2002  8  5 15 15 128
2002  8  5 15 30 128
2002  8  5 15 45 129
2002  8  5 16  0 127
2002  8  5 16 15 128
2002  8  5 16 30 128
2002  8  5 16 45 127
2002  8  5 17  0 127
2002  8  5 17 15 127
2002  8  5 17 30 127
2002  8  5 17 45 126
2002  8  5 18  0 126
2002  8  5 18 15 126
2002  8  5 18 30 126
2002  8  5 18 45 126
2002  8  5 19  0 126
2002  8  5 19 15 126
2002  8  5 19 30 126
2002  8  5 19 45 126
2002  8  5 20  0 126
2002  8  5 20 15 126
2002  8  5 20 30 126
2002  8  5 20 45 126
2002  8  5 21  0 126
2002  8  5 21 15 126
2002  8  5 21 30 126
2002  8  5 21 45 126
2002  8  5 22  0 126
2002  8  5 22 15 126
2002  8  5 22 30 126
2002  8  5 22 45 126
2002  8  5 23  0 126
2002  8  5 23 15 126
2002  8  5 23 30 125
2002  8  5 23 45 125
2002  8  6  0  0 125
2002  8  6  0 15 125
2002  8  6  0 30 125
2002  8  6  0 45 125
2002  8  6  1  0 125
2002  8  6  1 15 125
2002  8  6  1 30 125
2002  8  6  1 45 125
2002  8  6  2  0 125
2002  8  6  2 15 125
2002  8  6  2 30 125
2002  8  6  2 45 125
2002  8  6  3  0 125
2002  8  6  3 15 125
2002  8  6  3 30 125
2002  8  6  3 45 125
2002  8  6  4  0 125
2002  8  6  4 15 125
2002  8  6  4 30 124
2002  8  6  4 45 124
2002  8  6  5  0 124
2002  8  6  5 15 124
2002  8  6  5 30 124
2002  8  6  5 45 124
2002  8  6  6  0 124
2002  8  6  6 15 124
2002  8  6  6 30 124
2002  8  6  6 45 124
2002  8  6  7  0 124
2002  8  6  7 15 125
2002  8  6  7 30 124
2002  8  6  7 45 124
2002  8  6  8  0 124
2002  8  6  8 15 124
2002  8  6  8 30 125
2002  8  6  8 45 124
2002  8  6  9  0 124
2002  8  6  9 15 124
2002  8  6  9 30 124
2002  8  6  9 45 124
2002  8  6 10  0 124
2002  8  6 10 15 124
2002  8  6 10 30 124
2002  8  6 10 45 124
2002  8  6 11  0 124
2002  8  6 11 15 124
2002  8  6 11 30 124
2002  8  6 11 45 124
2002  8  6 12  0 124
2002  8  6 12 15 124
2002  8  6 12 30 124
2002  8  6 12 45 125
2002  8  6 13  0 125
2002  8  6 13 15 125
2002  8  6 13 30 125
2002  8  6 13 45 125
2002  8  6 14  0 125
2002  8  6 14 15 125
2002  8  6 14 30 125
2002  8  6 14 45 125
2002  8  6 15  0 125
2002  8  6 15 15 125
2002  8  6 15 30 125
2002  8  6 15 45 125
2002  8  6 16  0 125
2002  8  6 16 15 125
2002  8  6 16 30 126
2002  8  6 16 45 126
2002  8  6 17  0 126
2002  8  6 17 15 126
2002  8  6 17 30 126
2002  8  6 17 45 126
2002  8  6 18  0 126
2002  8  6 18 15 126
2002  8  6 18 30 126
2002  8  6 18 45 126
2002  8  6 19  0 126
2002  8  6 19 15 126
2002  8  6 19 30 126
2002  8  6 19 45 126
2002  8  6 20  0 126
2002  8  6 20 15 127
2002  8  6 20 30 127
2002  8  6 20 45 127
2002  8  6 21  0 127
2002  8  6 21 15 127
2002  8  6 21 30 127
2002  8  6 21 45 127
2002  8  6 22  0 127
2002  8  6 22 15 127
2002  8  6 22 30 127
2002  8  6 22 45 127
2002  8  6 23  0 127
2002  8  6 23 15 128
2002  8  6 23 30 128
2002  8  6 23 45 128
2002  8  7  0  0 128
2002  8  7  0 15 128
2002  8  7  0 30 128
2002  8  7  0 45 128
2002  8  7  1  0 128
2002  8  7  1 15 128
2002  8  7  1 30 128
2002  8  7  1 45 128
2002  8  7  2  0 128
2002  8  7  2 15 128
2002  8  7  2 30 128
2002  8  7  2 45 129
2002  8  7  3  0 129
2002  8  7  3 15 129
2002  8  7  3 30 129
2002  8  7  3 45 129
2002  8  7  4  0 129
2002  8  7  4 15 129
2002  8  7  4 30 129
2002  8  7  4 45 129
2002  8  7  5  0 129
2002  8  7  5 15 129
2002  8  7  5 30 129
2002  8  7  5 45 129
2002  8  7  6  0 129
2002  8  7  6 15 129
2002  8  7  6 30 129
2002  8  7  6 45 129
2002  8  7  7  0 129
2002  8  7  7 15 129
2002  8  7  7 30 129
2002  8  7  7 45 129
2002  8  7  8  0 129
2002  8  7  8 15 129
2002  8  7  8 30 129
2002  8  7  8 45 129
2002  8  7  9  0 129
2002  8  7  9 15 130
2002  8  7  9 30 130
2002  8  7  9 45 130
2002  8  7 10  0 130
2002  8  7 10 15 130
2002  8  7 10 30 130
2002  8  7 10 45 130
2002  8  7 11  0 130
2002  8  7 11 15 130
2002  8  7 11 30 130
2002  8  7 11 45 130
2002  8  7 12  0 129
2002  8  7 12 15 130
2002  8  7 12 30 130
2002  8  7 12 45 130
2002  8  7 13  0 129
2002  8  7 13 15 130
2002  8  7 13 30 129
2002  8  7 13 45 129
2002  8  7 14  0 129
2002  8  7 14 15 129
2002  8  7 14 30 129
2002  8  7 14 45 129
2002  8  7 15  0 129
2002  8  7 15 15 129
2002  8  7 15 30 129
2002  8  7 15 45 130
2002  8  7 16  0 130
2002  8  7 16 15 130
2002  8  7 16 30 130
2002  8  7 16 45 130
2002  8  7 17  0 130
2002  8  7 17 15 130
2002  8  7 17 30 130
2002  8  7 17 45 130
2002  8  7 18  0 130
2002  8  7 18 15 130
2002  8  7 18 30 130
2002  8  7 18 45 130
2002  8  7 19  0 130
2002  8  7 19 15 130
2002  8  7 19 30 131
2002  8  7 19 45 131
2002  8  7 20  0 131
2002  8  7 20 15 131
2002  8  7 20 30 131
2002  8  7 20 45 131
2002  8  7 21  0 131
2002  8  7 21 15 131
2002  8  7 21 30 131
2002  8  7 21 45 131
2002  8  7 22  0 132
2002  8  7 22 15 132
2002  8  7 22 30 132
2002  8  7 22 45 132
2002  8  7 23  0 132
2002  8  7 23 15 132
2002  8  7 23 30 132
2002  8  7 23 45 132
2002  8  8  0  0 132
2002  8  8  0 15 132
2002  8  8  0 30 132
2002  8  8  0 45 132
2002  8  8  1  0 132
2002  8  8  1 15 132
2002  8  8  1 30 132
2002  8  8  1 45 132
2002  8  8  2  0 132
2002  8  8  2 15 132
2002  8  8  2 30 132
2002  8  8  2 45 132
2002  8  8  3  0 132
2002  8  8  3 15 132
2002  8  8  3 30 132
2002  8  8  3 45 132
2002  8  8  4  0 132
2002  8  8  4 15 132
2002  8  8  4 30 132
2002  8  8  4 45 132
2002  8  8  5  0 132
2002  8  8  5 15 132
2002  8  8  5 30 132
2002  8  8  5 45 132
2002  8  8  6  0 132
2002  8  8  6 15 131
2002  8  8  6 30 131
2002  8  8  6 45 132
2002  8  8  7  0 132
2002  8  8  7 15 132
2002  8  8  7 30 131
2002  8  8  7 45 132
2002  8  8  8  0 132
2002  8  8  8 15 132
2002  8  8  8 30 131
2002  8  8  8 45 131
2002  8  8  9  0 132
2002  8  8  9 15 132
2002  8  8  9 30 132
2002  8  8  9 45 132
2002  8  8 10  0 132
2002  8  8 10 15 132
2002  8  8 10 30 132
2002  8  8 10 45 132
2002  8  8 11  0 132
2002  8  8 11 15 132
2002  8  8 11 30 132
2002  8  8 11 45 132
2002  8  8 12  0 132
2002  8  8 12 15 132
2002  8  8 12 30 132
2002  8  8 12 45 132
2002  8  8 13  0 133
2002  8  8 13 15 132
2002  8  8 13 30 132
2002  8  8 13 45 132
2002  8  8 14  0 132
2002  8  8 14 15 133
2002  8  8 14 30 133
2002  8  8 14 45 133
2002  8  8 15  0 133
2002  8  8 15 15 133
2002  8  8 15 30 133
2002  8  8 15 45 133
2002  8  8 16  0 133
2002  8  8 16 15 134
2002  8  8 16 30 133
2002  8  8 16 45 133
2002  8  8 17  0 133
2002  8  8 17 15 133
2002  8  8 17 30 133
2002  8  8 17 45 133
2002  8  8 18  0 134
2002  8  8 18 15 134
2002  8  8 18 30 133
2002  8  8 18 45 133
2002  8  8 19  0 134
2002  8  8 19 15 134
2002  8  8 19 30 134
2002  8  8 19 45 134
2002  8  8 20  0 134
2002  8  8 20 15 134
2002  8  8 20 30 134
2002  8  8 20 45 134
2002  8  8 21  0 134
2002  8  8 21 15 134
2002  8  8 21 30 135
2002  8  8 21 45 135
2002  8  8 22  0 135
2002  8  8 22 15 135
2002  8  8 22 30 135
2002  8  8 22 45 135
2002  8  8 23  0 135
2002  8  8 23 15 135
2002  8  8 23 30 135
2002  8  8 23 45 135
2002  8  9  0  0 135
2002  8  9  0 15 135
2002  8  9  0 30 135
2002  8  9  0 45 135
2002  8  9  1  0 135
2002  8  9  1 15 135
2002  8  9  1 30 136
2002  8  9  1 45 136
2002  8  9  2  0 136
2002  8  9  2 15 136
2002  8  9  2 30 136
2002  8  9  2 45 136
2002  8  9  3  0 136
2002  8  9  3 15 136
2002  8  9  3 30 136
2002  8  9  3 45 136
2002  8  9  4  0 136
2002  8  9  4 15 136
2002  8  9  4 30 136
2002  8  9  4 45 136
2002  8  9  5  0 136
2002  8  9  5 15 136
2002  8  9  5 30 137
2002  8  9  5 45 137
2002  8  9  6  0 137
2002  8  9  6 15 137
2002  8  9  6 30 137
2002  8  9  6 45 137
2002  8  9  7  0 137
2002  8  9  7 15 137
2002  8  9  7 30 137
2002  8  9  7 45 137
2002  8  9  8  0 138
2002  8  9  8 15 137
2002  8  9  8 30 137
2002  8  9  8 45 137
2002  8  9  9  0 137
2002  8  9  9 15 137
2002  8  9  9 30 137
2002  8  9  9 45 137
2002  8  9 10  0 137
2002  8  9 10 15 137
2002  8  9 10 30 137
2002  8  9 10 45 137
2002  8  9 11  0 137
2002  8  9 11 15 138
2002  8  9 11 30 138
2002  8  9 11 45 138
2002  8  9 12  0 138
2002  8  9 12 15 138
2002  8  9 12 30 138
2002  8  9 12 45 138
2002  8  9 13  0 138
2002  8  9 13 15 138
2002  8  9 13 30 138
2002  8  9 13 45 138
2002  8  9 14  0 138
2002  8  9 14 15 138
2002  8  9 14 30 139
2002  8  9 14 45 139
2002  8  9 15  0 139
2002  8  9 15 15 139
2002  8  9 15 30 139
2002  8  9 15 45 139
2002  8  9 16  0 139
2002  8  9 16 15 139
2002  8  9 16 30 139
2002  8  9 16 45 139
2002  8  9 17  0 139
2002  8  9 17 15 139
2002  8  9 17 30 139
2002  8  9 17 45 140
2002  8  9 18  0 140
2002  8  9 18 15 140
2002  8  9 18 30 140
2002  8  9 18 45 140
2002  8  9 19  0 140
2002  8  9 19 15 140
2002  8  9 19 30 140
2002  8  9 19 45 140
2002  8  9 20  0 140
2002  8  9 20 15 141
2002  8  9 20 30 141
2002  8  9 20 45 141
2002  8  9 21  0 141
2002  8  9 21 15 141
2002  8  9 21 30 141
2002  8  9 21 45 141
2002  8  9 22  0 141
2002  8  9 22 15 141
2002  8  9 22 30 142
2002  8  9 22 45 142
2002  8  9 23  0 142
2002  8  9 23 15 142
2002  8  9 23 30 142
2002  8  9 23 45 142
2002  8 10  0  0 142
2002  8 10  0 15 142
2002  8 10  0 30 143
2002  8 10  0 45 143
2002  8 10  1  0 143
2002  8 10  1 15 143
2002  8 10  1 30 143
2002  8 10  1 45 143
2002  8 10  2  0 143
2002  8 10  2 15 144
2002  8 10  2 30 144
2002  8 10  2 45 144
2002  8 10  3  0 144
2002  8 10  3 15 144
2002  8 10  3 30 144
2002  8 10  3 45 144
2002  8 10  4  0 145
2002  8 10  4 15 145
2002  8 10  4 30 145
2002  8 10  4 45 145
2002  8 10  5  0 145
2002  8 10  5 15 145
2002  8 10  5 30 146
2002  8 10  5 45 146
2002  8 10  6  0 146
2002  8 10  6 15 146
2002  8 10  6 30 146
2002  8 10  6 45 146
2002  8 10  7  0 147
2002  8 10  7 15 147
2002  8 10  7 30 147
2002  8 10  7 45 147
2002  8 10  8  0 147
2002  8 10  8 15 147
2002  8 10  8 30 147
2002  8 10  8 45 148
2002  8 10  9  0 148
2002  8 10  9 15 148
2002  8 10  9 30 148
2002  8 10  9 45 149
2002  8 10 10  0 149
2002  8 10 10 15 149
2002  8 10 10 30 149
2002  8 10 10 45 149
2002  8 10 11  0 150
2002  8 10 11 15 150
2002  8 10 11 30 150
2002  8 10 11 45 150
2002  8 10 12  0 150
2002  8 10 12 15 151
2002  8 10 12 30 151
2002  8 10 12 45 151
2002  8 10 13  0 152
2002  8 10 13 15 152
2002  8 10 13 30 152
2002  8 10 13 45 152
2002  8 10 14  0 152
2002  8 10 14 15 152
2002  8 10 14 30 153
2002  8 10 14 45 153
2002  8 10 15  0 154
2002  8 10 15 15 154
2002  8 10 15 30 153
2002  8 10 15 45 154
2002  8 10 16  0 154
2002  8 10 16 15 155
2002  8 10 16 30 155
2002  8 10 16 45 156
2002  8 10 17  0 156
2002  8 10 17 15 157
2002  8 10 17 30 157
2002  8 10 17 45 158
2002  8 10 18  0 158
2002  8 10 18 15 158
2002  8 10 18 30 159
2002  8 10 18 45 159
2002  8 10 19  0 160
2002  8 10 19 15 160
2002  8 10 19 30 161
2002  8 10 19 45 161
2002  8 10 20  0 162
2002  8 10 20 15 162
2002  8 10 20 30 163
2002  8 10 20 45 164
2002  8 10 21  0 164
2002  8 10 21 15 165
2002  8 10 21 30 165
2002  8 10 21 45 165
2002  8 10 22  0 166
2002  8 10 22 15 167
2002  8 10 22 30 167
2002  8 10 22 45 168
2002  8 10 23  0 168
2002  8 10 23 15 169
2002  8 10 23 30 169
2002  8 10 23 45 170
2002  8 11  0  0 170
2002  8 11  0 15 171
2002  8 11  0 30 171
2002  8 11  0 45 172
2002  8 11  1  0 173
2002  8 11  1 15 173
2002  8 11  1 30 174
2002  8 11  1 45 175
2002  8 11  2  0 176
2002  8 11  2 15 176
2002  8 11  2 30 177
2002  8 11  2 45 178
2002  8 11  3  0 179
2002  8 11  3 15 179
2002  8 11  3 30 180
2002  8 11  3 45 181
2002  8 11  4  0 182
2002  8 11  4 15 182
2002  8 11  4 30 183
2002  8 11  4 45 184
2002  8 11  5  0 185
2002  8 11  5 15 185
2002  8 11  5 30 186
2002  8 11  5 45 186
2002  8 11  6  0 187
2002  8 11  6 15 188
2002  8 11  6 30 188
2002  8 11  6 45 188
2002  8 11  7  0 189
2002  8 11  7 15 190
2002  8 11  7 30 191
2002  8 11  7 45 192
2002  8 11  8  0 193
2002  8 11  8 15 193
2002  8 11  8 30 194
2002  8 11  8 45 195
2002  8 11  9  0 196
2002  8 11  9 15 196
2002  8 11  9 30 197
2002  8 11  9 45 198
2002  8 11 10  0 199
2002  8 11 10 15 199
2002  8 11 10 30 200
2002  8 11 10 45 201
2002  8 11 11  0 202
2002  8 11 11 15 203
2002  8 11 11 30 203
2002  8 11 11 45 204
2002  8 11 12  0 205
2002  8 11 12 15 205
2002  8 11 12 30 206
2002  8 11 12 45 207
2002  8 11 13  0 209
2002  8 11 13 15 208
2002  8 11 13 30 209
2002  8 11 13 45 210
2002  8 11 14  0 211
2002  8 11 14 15 212
2002  8 11 14 30 213
2002  8 11 14 45 214
2002  8 11 15  0 216
2002  8 11 15 15 215
2002  8 11 15 30 215
2002  8 11 15 45 216
2002  8 11 16  0 217
2002  8 11 16 15 218
2002  8 11 16 30 219
2002  8 11 16 45 220
2002  8 11 17  0 221
2002  8 11 17 15 222
2002  8 11 17 30 222
2002  8 11 17 45 223
2002  8 11 18  0 224
2002  8 11 18 15 225
2002  8 11 18 30 226
2002  8 11 18 45 228
2002  8 11 19  0 227
2002  8 11 19 15 228
2002  8 11 19 30 228
2002  8 11 19 45 230
2002  8 11 20  0 230
2002  8 11 20 15 232
2002  8 11 20 30 233
2002  8 11 20 45 233
2002  8 11 21  0 234
2002  8 11 21 15 235
2002  8 11 21 30 236
2002  8 11 21 45 237
2002  8 11 22  0 238
2002  8 11 22 15 238
2002  8 11 22 30 239
2002  8 11 22 45 240
2002  8 11 23  0 241
2002  8 11 23 15 242
2002  8 11 23 30 243
2002  8 11 23 45 244
2002  8 12  0  0 244
2002  8 12  0 15 245
2002  8 12  0 30 246
2002  8 12  0 45 247
2002  8 12  1  0 248
2002  8 12  1 15 249
2002  8 12  1 30 250
2002  8 12  1 45 251
2002  8 12  2  0 252
2002  8 12  2 15 252
2002  8 12  2 30 253
2002  8 12  2 45 254
2002  8 12  3  0 255
2002  8 12  3 15 256
2002  8 12  3 30 257
2002  8 12  3 45 257
2002  8 12  4  0 258
2002  8 12  4 15 259
2002  8 12  4 30 260
2002  8 12  4 45 261
2002  8 12  5  0 262
2002  8 12  5 15 263
2002  8 12  5 30 263
2002  8 12  5 45 264
2002  8 12  6  0 265
2002  8 12  6 15 266
2002  8 12  6 30 267
2002  8 12  6 45 267
2002  8 12  7  0 269
2002  8 12  7 15 269
2002  8 12  7 30 269
2002  8 12  7 45 271
2002  8 12  8  0 272
2002  8 12  8 15 272
2002  8 12  8 30 274
2002  8 12  8 45 274
2002  8 12  9  0 275
2002  8 12  9 15 276
2002  8 12  9 30 276
2002  8 12  9 45 277
2002  8 12 10  0 278
2002  8 12 10 15 279
2002  8 12 10 30 279
2002  8 12 10 45 280
2002  8 12 11  0 281
2002  8 12 11 15 281
2002  8 12 11 30 282
2002  8 12 11 45 283
2002  8 12 12  0 284
2002  8 12 12 15 284
2002  8 12 12 30 285
2002  8 12 12 45 285
2002  8 12 13  0 286
2002  8 12 13 15 287
2002  8 12 13 30 287
2002  8 12 13 45 287
2002  8 12 14  0 288
2002  8 12 14 15 289
2002  8 12 14 30 289
2002  8 12 14 45 290
2002  8 12 15  0 291
2002  8 12 15 15 291
2002  8 12 15 30 292
2002  8 12 15 45 292
2002  8 12 16  0 294
2002  8 12 16 15 294
2002  8 12 16 30 295
2002  8 12 16 45 295
2002  8 12 17  0 296
2002  8 12 17 15 296
2002  8 12 17 30 297
2002  8 12 17 45 297
2002  8 12 18  0 298
2002  8 12 18 15 298
2002  8 12 18 30 299
2002  8 12 18 45 299
2002  8 12 19  0 300
2002  8 12 19 15 301
2002  8 12 19 30 301
2002  8 12 19 45 301
2002  8 12 20  0 302
2002  8 12 20 15 303
2002  8 12 20 30 303
2002  8 12 20 45 304
2002  8 12 21  0 304
2002  8 12 21 15 304
2002  8 12 21 30 305
2002  8 12 21 45 305
2002  8 12 22  0 306
2002  8 12 22 15 307
2002  8 12 22 30 307
2002  8 12 22 45 308
2002  8 12 23  0 308
2002  8 12 23 15 309
2002  8 12 23 30 309
2002  8 12 23 45 310
2002  8 13  0  0 311
2002  8 13  0 15 311
2002  8 13  0 30 312
2002  8 13  0 45 313
2002  8 13  1  0 313
2002  8 13  1 15 313
2002  8 13  1 30 314
2002  8 13  1 45 314
2002  8 13  2  0 314
2002  8 13  2 15 315
2002  8 13  2 30 315
2002  8 13  2 45 316
2002  8 13  3  0 316
2002  8 13  3 15 317
2002  8 13  3 30 318
2002  8 13  3 45 319
2002  8 13  4  0 319
2002  8 13  4 15 319
2002  8 13  4 30 320
2002  8 13  4 45 320
2002  8 13  5  0 321
2002  8 13  5 15 321
2002  8 13  5 30 321
2002  8 13  5 45 322
2002  8 13  6  0 322
2002  8 13  6 15 323
2002  8 13  6 30 323
2002  8 13  6 45 323
2002  8 13  7  0 324
2002  8 13  7 15 324
2002  8 13  7 30 325
2002  8 13  7 45 325
2002  8 13  8  0 325
2002  8 13  8 15 326
2002  8 13  8 30 326
2002  8 13  8 45 326
2002  8 13  9  0 327
2002  8 13  9 15 327
2002  8 13  9 30 327
2002  8 13  9 45 327
2002  8 13 10  0 328
2002  8 13 10 15 329
2002  8 13 10 30 329
2002  8 13 10 45 329
2002  8 13 11  0 330
2002  8 13 11 15 330
2002  8 13 11 30 330
2002  8 13 11 45 331
2002  8 13 12  0 332
2002  8 13 12 15 332
2002  8 13 12 30 333
2002  8 13 12 45 333
2002  8 13 13  0 333
2002  8 13 13 15 333
2002  8 13 13 30 334
2002  8 13 13 45 334
2002  8 13 14  0 334
2002  8 13 14 15 335
2002  8 13 14 30 335
2002  8 13 14 45 335
2002  8 13 15  0 335
2002  8 13 15 15 336
2002  8 13 15 30 336
2002  8 13 15 45 337
2002  8 13 16  0 337
2002  8 13 16 15 338
2002  8 13 16 30 338
2002  8 13 16 45 338
2002  8 13 17  0 338
2002  8 13 17 15 339
2002  8 13 17 30 339
2002  8 13 17 45 339
2002  8 13 18  0 341
2002  8 13 18 15 341
2002  8 13 18 30 341
2002  8 13 18 45 341
2002  8 13 19  0 343
2002  8 13 19 15 343
2002  8 13 19 30 343
2002  8 13 19 45 343
2002  8 13 20  0 344
2002  8 13 20 15 345
2002  8 13 20 30 345
2002  8 13 20 45 346
2002  8 13 21  0 346
2002  8 13 21 15 347
2002  8 13 21 30 347
2002  8 13 21 45 348
2002  8 13 22  0 349
2002  8 13 22 15 349
2002  8 13 22 30 349
2002  8 13 22 45 351
2002  8 13 23  0 351
2002  8 13 23 15 352
2002  8 13 23 30 352
2002  8 13 23 45 353
2002  8 14  0  0 354
2002  8 14  0 15 354
2002  8 14  0 30 355
2002  8 14  0 45 355
2002  8 14  1  0 356
2002  8 14  1 15 356
2002  8 14  1 30 357
2002  8 14  1 45 357
2002  8 14  2  0 358
2002  8 14  2 15 358
2002  8 14  2 30 359
2002  8 14  2 45 360
2002  8 14  3  0 360
2002  8 14  3 15 361
2002  8 14  3 30 361
2002  8 14  3 45 362
2002  8 14  4  0 362
2002  8 14  4 15 363
2002  8 14  4 30 363
2002  8 14  4 45 363
2002  8 14  5  0 365
2002  8 14  5 15 365
2002  8 14  5 30 365
2002  8 14  5 45 366
2002  8 14  6  0 366
2002  8 14  6 15 366
2002  8 14  6 30 367
2002  8 14  6 45 367
2002  8 14  7  0 368
2002  8 14  7 15 368
2002  8 14  7 30 369
2002  8 14  7 45 369
2002  8 14  8  0 370
2002  8 14  8 15 369
2002  8 14  8 30 370
2002  8 14  8 45 371
2002  8 14  9  0 371
2002  8 14  9 15 371
2002  8 14  9 30 372
2002  8 14  9 45 373
2002  8 14 10  0 373
2002  8 14 10 15 373
2002  8 14 10 30 373
2002  8 14 10 45 374
2002  8 14 11  0 374
2002  8 14 11 15 375
2002  8 14 11 30 375
2002  8 14 11 45 376
2002  8 14 12  0 376
2002  8 14 12 15 377
2002  8 14 12 30 378
2002  8 14 12 45 379
2002  8 14 13  0 378
2002  8 14 13 15 378
2002  8 14 13 30 379
2002  8 14 13 45 380
2002  8 14 14  0 380
2002  8 14 14 15 381
2002  8 14 14 30 381
2002  8 14 14 45 381
2002  8 14 15  0 382
2002  8 14 15 15 382
2002  8 14 15 30 383
2002  8 14 15 45 383
2002  8 14 16  0 383
2002  8 14 16 15 384
2002  8 14 16 30 385
2002  8 14 16 45 385
2002  8 14 17  0 386
2002  8 14 17 15 386
2002  8 14 17 30 387
2002  8 14 17 45 387
2002  8 14 18  0 387
2002  8 14 18 15 388
2002  8 14 18 30 388
2002  8 14 18 45 389
2002  8 14 19  0 389
2002  8 14 19 15 389
2002  8 14 19 30 391
2002  8 14 19 45 391
2002  8 14 20  0 391
2002  8 14 20 15 391
2002  8 14 20 30 392
2002  8 14 20 45 393
2002  8 14 21  0 393
2002  8 14 21 15 394
2002  8 14 21 30 395
2002  8 14 21 45 394
2002  8 14 22  0 395
2002  8 14 22 15 396
2002  8 14 22 30 396
2002  8 14 22 45 397
2002  8 14 23  0 397
2002  8 14 23 15 398
2002  8 14 23 30 398
2002  8 14 23 45 399
2002  8 15  0  0 399
2002  8 15  0 15 400
2002  8 15  0 30 400
2002  8 15  0 45 400
2002  8 15  1  0 401
2002  8 15  1 15 402
2002  8 15  1 30 402
2002  8 15  1 45 403
2002  8 15  2  0 403
2002  8 15  2 15 404
2002  8 15  2 30 404
2002  8 15  2 45 404
2002  8 15  3  0 405
2002  8 15  3 15 406
2002  8 15  3 30 406
2002  8 15  3 45 407
2002  8 15  4  0 407
2002  8 15  4 15 408
2002  8 15  4 30 408
2002  8 15  4 45 409
2002  8 15  5  0 410
2002  8 15  5 15 410
2002  8 15  5 30 411
2002  8 15  5 45 411
2002  8 15  6  0 411
2002  8 15  6 15 412
2002  8 15  6 30 413
2002  8 15  6 45 413
2002  8 15  7  0 413
2002  8 15  7 15 414
2002  8 15  7 30 415
2002  8 15  7 45 415
2002  8 15  8  0 416
2002  8 15  8 15 417
2002  8 15  8 30 417
2002  8 15  8 45 417
2002  8 15  9  0 418
2002  8 15  9 15 419
2002  8 15  9 30 419
2002  8 15  9 45 420
2002  8 15 10  0 420
2002  8 15 10 15 421
2002  8 15 10 30 422
2002  8 15 10 45 422
2002  8 15 11  0 422
2002  8 15 11 15 423
2002  8 15 11 30 423
2002  8 15 11 45 423
2002  8 15 12  0 424
2002  8 15 12 15 424
2002  8 15 12 30 425
2002  8 15 12 45 425
2002  8 15 13  0 425
2002  8 15 13 15 426
2002  8 15 13 30 426
2002  8 15 13 45 425
2002  8 15 14  0 426
2002  8 15 14 15 426
2002  8 15 14 30 427
2002  8 15 14 45 427
2002  8 15 15  0 427
2002  8 15 15 15 427
2002  8 15 15 30 427
2002  8 15 15 45 428
2002  8 15 16  0 428
2002  8 15 16 15 429
2002  8 15 16 30 429
2002  8 15 16 45 429
2002  8 15 17  0 430
2002  8 15 17 15 430
2002  8 15 17 30 431
2002  8 15 17 45 431
2002  8 15 18  0 431
2002  8 15 18 15 432
2002  8 15 18 30 433
2002  8 15 18 45 433
2002  8 15 19  0 433
2002  8 15 19 15 433
2002  8 15 19 30 434
2002  8 15 19 45 434
2002  8 15 20  0 435
2002  8 15 20 15 436
2002  8 15 20 30 436
2002  8 15 20 45 437
2002  8 15 21  0 438
2002  8 15 21 15 438
2002  8 15 21 30 439
2002  8 15 21 45 440
2002  8 15 22  0 440
2002  8 15 22 15 441
2002  8 15 22 30 442
2002  8 15 22 45 443
2002  8 15 23  0 443
2002  8 15 23 15 444
2002  8 15 23 30 445
2002  8 15 23 45 446
2002  8 16  0  0 447
2002  8 16  0 15 447
2002  8 16  0 30 448
2002  8 16  0 45 449
2002  8 16  1  0 449
2002  8 16  1 15 450
2002  8 16  1 30 451
2002  8 16  1 45 452
2002  8 16  2  0 452
2002  8 16  2 15 453
2002  8 16  2 30 455
2002  8 16  2 45 455
2002  8 16  3  0 456
2002  8 16  3 15 456
2002  8 16  3 30 457
2002  8 16  3 45 458
2002  8 16  4  0 459
2002  8 16  4 15 459
2002  8 16  4 30 459
2002  8 16  4 45 460
2002  8 16  5  0 461
2002  8 16  5 15 462
2002  8 16  5 30 462
2002  8 16  5 45 462
2002  8 16  6  0 463
2002  8 16  6 15 464
2002  8 16  6 30 464
2002  8 16  6 45 465
2002  8 16  7  0 466
2002  8 16  7 15 466
2002  8 16  7 30 467
2002  8 16  7 45 467
2002  8 16  8  0 467
2002  8 16  8 15 468
2002  8 16  8 30 470
2002  8 16  8 45 471
2002  8 16  9  0 472
2002  8 16  9 15 473
2002  8 16  9 30 474
2002  8 16  9 45 474
2002  8 16 10  0 475
2002  8 16 10 15 477
2002  8 16 10 30 478
2002  8 16 10 45 478
2002  8 16 11  0 479
2002  8 16 11 15 480
2002  8 16 11 30 482
2002  8 16 11 45 483
2002  8 16 12  0 484
2002  8 16 12 15 486
2002  8 16 12 30 487
2002  8 16 12 45 488
2002  8 16 13  0 489
2002  8 16 13 15 491
2002  8 16 13 30 492
2002  8 16 13 45 494
2002  8 16 14  0 496
2002  8 16 14 15 498
2002  8 16 14 30 500
2002  8 16 14 45 502
2002  8 16 15  0 503
2002  8 16 15 15 505
2002  8 16 15 30 507
2002  8 16 15 45 510
2002  8 16 16  0 511
2002  8 16 16 15 513
2002  8 16 16 30 515
2002  8 16 16 45 518
2002  8 16 17  0 519
2002  8 16 17 15 521
2002  8 16 17 30 524
2002  8 16 17 45 525
2002  8 16 18  0 527
2002  8 16 18 15 528
2002  8 16 18 30 530
2002  8 16 18 45 532
2002  8 16 19  0 533
2002  8 16 19 15 535
2002  8 16 19 30 537
2002  8 16 19 45 539
2002  8 16 20  0 540
2002  8 16 20 15 542
2002  8 16 20 30 544
2002  8 16 20 45 545
2002  8 16 21  0 546
2002  8 16 21 15 548
2002  8 16 21 30 550
2002  8 16 21 45 551
2002  8 16 22  0 552
2002  8 16 22 15 554
2002  8 16 22 30 555
2002  8 16 22 45 556
2002  8 16 23  0 556
2002  8 16 23 15 557
2002  8 16 23 30 559
2002  8 16 23 45 560
2002  8 17  0  0 561
2002  8 17  0 15 562
2002  8 17  0 30 563
2002  8 17  0 45 563
2002  8 17  1  0 564
2002  8 17  1 15 565
2002  8 17  1 30 566
2002  8 17  1 45 567
2002  8 17  2  0 568
2002  8 17  2 15 568
2002  8 17  2 30 569
2002  8 17  2 45 570
2002  8 17  3  0 571
2002  8 17  3 15 571
2002  8 17  3 30 572
2002  8 17  3 45 573
2002  8 17  4  0 573
2002  8 17  4 15 573
2002  8 17  4 30 575
2002  8 17  4 45 575
2002  8 17  5  0 576
2002  8 17  5 15 578
2002  8 17  5 30 578
2002  8 17  5 45 579
2002  8 17  6  0 581
2002  8 17  6 15 582
2002  8 17  6 30 583
2002  8 17  6 45 584
2002  8 17  7  0 584
2002  8 17  7 15 584
2002  8 17  7 30 584
2002  8 17  7 45 583
2002  8 17  8  0 583
2002  8 17  8 15 584
2002  8 17  8 30 585
2002  8 17  8 45 586
2002  8 17  9  0 586
2002  8 17  9 15 588
2002  8 17  9 30 589
2002  8 17  9 45 589
2002  8 17 10  0 590
2002  8 17 10 15 590
2002  8 17 10 30 591
2002  8 17 10 45 592
2002  8 17 11  0 592
2002  8 17 11 15 593
2002  8 17 11 30 594
2002  8 17 11 45 595
2002  8 17 12  0 596
2002  8 17 12 15 597
2002  8 17 12 30 597
2002  8 17 12 45 598
2002  8 17 13  0 599
2002  8 17 13 15 600
2002  8 17 13 30 600
2002  8 17 13 45 601
2002  8 17 14  0 602
2002  8 17 14 15 602
2002  8 17 14 30 602
2002  8 17 14 45 603
2002  8 17 15  0 606
2002  8 17 15 15 607
2002  8 17 15 30 607
2002  8 17 15 45 608
2002  8 17 16  0 608
2002  8 17 16 15 609
2002  8 17 16 30 609
2002  8 17 16 45 609
2002  8 17 17  0 610
2002  8 17 17 15 610
2002  8 17 17 30 610
2002  8 17 17 45 611
2002  8 17 18  0 611
2002  8 17 18 15 612
2002  8 17 18 30 612
2002  8 17 18 45 612
2002  8 17 19  0 612
2002  8 17 19 15 612
2002  8 17 19 30 613
2002  8 17 19 45 613
2002  8 17 20  0 613
2002  8 17 20 15 614
2002  8 17 20 30 614
2002  8 17 20 45 614
2002  8 17 21  0 614
2002  8 17 21 15 615
2002  8 17 21 30 614
2002  8 17 21 45 615
2002  8 17 22  0 615
2002  8 17 22 15 615
2002  8 17 22 30 616
2002  8 17 22 45 615
2002  8 17 23  0 615
2002  8 17 23 15 615
2002  8 17 23 30 616
2002  8 17 23 45 616
2002  8 18  0  0 616
2002  8 18  0 15 616
2002  8 18  0 30 616
2002  8 18  0 45 616
2002  8 18  1  0 616
2002  8 18  1 15 616
2002  8 18  1 30 616
2002  8 18  1 45 616
2002  8 18  2  0 617
2002  8 18  2 15 617
2002  8 18  2 30 617
2002  8 18  2 45 617
2002  8 18  3  0 617
2002  8 18  3 15 617
2002  8 18  3 30 617
2002  8 18  3 45 617
2002  8 18  4  0 617
2002  8 18  4 15 618
2002  8 18  4 30 618
2002  8 18  4 45 618
2002  8 18  5  0 618
2002  8 18  5 15 618
2002  8 18  5 30 619
2002  8 18  5 45 618
2002  8 18  6  0 619
2002  8 18  6 15 619
2002  8 18  6 30 619
2002  8 18  6 45 619
2002  8 18  7  0 619
2002  8 18  7 15 620
2002  8 18  7 30 620
2002  8 18  7 45 619
2002  8 18  8  0 620
2002  8 18  8 15 620
2002  8 18  8 30 621
2002  8 18  8 45 622
2002  8 18  9  0 623
2002  8 18  9 15 622
2002  8 18  9 30 621
2002  8 18  9 45 621
2002  8 18 10  0 620
2002  8 18 10 15 622
2002  8 18 10 30 624
2002  8 18 10 45 624
2002  8 18 11  0 624
2002  8 18 11 15 624
2002  8 18 11 30 625
2002  8 18 11 45 624
2002  8 18 12  0 624
2002  8 18 12 15 624
2002  8 18 12 30 611
2002  8 18 12 45 627
2002  8 18 13  0 627
2002  8 18 13 15 627
2002  8 18 13 30 628
2002  8 18 13 45 628
2002  8 18 14  0 629
2002  8 18 14 15 629
2002  8 18 14 30 630
2002  8 18 14 45 630
2002  8 18 15  0 631
2002  8 18 15 15 631
2002  8 18 15 30 632
2002  8 18 15 45 632
2002  8 18 16  0 632
2002  8 18 16 15 633
2002  8 18 16 30 633
2002  8 18 16 45 634
2002  8 18 17  0 634
2002  8 18 17 15 634
2002  8 18 17 30 634
2002  8 18 17 45 635
2002  8 18 18  0 635
2002  8 18 18 15 636
2002  8 18 18 30 636
2002  8 18 18 45 637
2002  8 18 19  0 637
2002  8 18 19 15 638
2002  8 18 19 30 639
2002  8 18 19 45 639
2002  8 18 20  0 640
2002  8 18 20 15 640
2002  8 18 20 30 640
2002  8 18 20 45 640
2002  8 18 21  0 642
2002  8 18 21 15 642
2002  8 18 21 30 643
2002  8 18 21 45 643
2002  8 18 22  0 644
2002  8 18 22 15 644
2002  8 18 22 30 644
2002  8 18 22 45 645
2002  8 18 23  0 646
2002  8 18 23 15 646
2002  8 18 23 30 647
2002  8 18 23 45 647
2002  8 19  0  0 648
2002  8 19  0 15 649
2002  8 19  0 30 648
2002  8 19  0 45 649
2002  8 19  1  0 650
2002  8 19  1 15 651
2002  8 19  1 30 651
2002  8 19  1 45 652
2002  8 19  2  0 652
2002  8 19  2 15 653
2002  8 19  2 30 653
2002  8 19  2 45 654
2002  8 19  3  0 654
2002  8 19  3 15 654
2002  8 19  3 30 654
2002  8 19  3 45 655
2002  8 19  4  0 655
2002  8 19  4 15 655
2002  8 19  4 30 655
2002  8 19  4 45 655
2002  8 19  5  0 655
2002  8 19  5 15 656
2002  8 19  5 30 656
2002  8 19  5 45 657
2002  8 19  6  0 657
2002  8 19  6 15 657
2002  8 19  6 30 658
2002  8 19  6 45 658
2002  8 19  7  0 658
2002  8 19  7 15 660
2002  8 19  7 30 660
2002  8 19  7 45 660
2002  8 19  8  0 660
2002  8 19  8 15 660
2002  8 19  8 30 660
2002  8 19  8 45 661
2002  8 19  9  0 662
2002  8 19  9 15 662
2002  8 19  9 30 662
2002  8 19  9 45 663
2002  8 19 10  0 663
2002  8 19 10 15 674
2002  8 19 10 30 687
2002  8 19 10 45 687
2002  8 19 11  0 688
2002  8 19 11 15 688
2002  8 19 11 30 666
2002  8 19 11 45 663
2002  8 19 12  0 664
2002  8 19 12 15 665
2002  8 19 12 30 665
2002  8 19 12 45 665
2002  8 19 13  0 665
2002  8 19 13 15 665
2002  8 19 13 30 666
2002  8 19 13 45 666
2002  8 19 14  0 666
2002  8 19 14 15 666
2002  8 19 14 30 666
2002  8 19 14 45 667
2002  8 19 15  0 666
2002  8 19 15 15 667
2002  8 19 15 30 666
2002  8 19 15 45 667
2002  8 19 16  0 667
2002  8 19 16 15 667
2002  8 19 16 30 667
2002  8 19 16 45 667
2002  8 19 17  0 668
2002  8 19 17 15 668
2002  8 19 17 30 669
2002  8 19 17 45 668
2002  8 19 18  0 669
2002  8 19 18 15 669
2002  8 19 18 30 669
2002  8 19 18 45 669
2002  8 19 19  0 670
2002  8 19 19 15 669
2002  8 19 19 30 669
2002  8 19 19 45 670
2002  8 19 20  0 669
2002  8 19 20 15 670
2002  8 19 20 30 670
2002  8 19 20 45 670
2002  8 19 21  0 670
2002  8 19 21 15 670
2002  8 19 21 30 670
2002  8 19 21 45 671
2002  8 19 22  0 670
2002  8 19 22 15 669
2002  8 19 22 30 670
2002  8 19 22 45 671
2002  8 19 23  0 670
2002  8 19 23 15 671
2002  8 19 23 30 670
2002  8 19 23 45 669
2002  8 20  0  0 670
2002  8 20  0 15 670
2002  8 20  0 30 670
2002  8 20  0 45 669
2002  8 20  1  0 669
2002  8 20  1 15 669
2002  8 20  1 30 668
2002  8 20  1 45 668
2002  8 20  2  0 667
2002  8 20  2 15 668
2002  8 20  2 30 667
2002  8 20  2 45 667
2002  8 20  3  0 667
2002  8 20  3 15 666
2002  8 20  3 30 667
2002  8 20  3 45 667
2002  8 20  4  0 667
2002  8 20  4 15 666
2002  8 20  4 30 667
2002  8 20  4 45 666
2002  8 20  5  0 666
2002  8 20  5 15 666
2002  8 20  5 30 665
2002  8 20  5 45 666
2002  8 20  6  0 664
2002  8 20  6 15 665
2002  8 20  6 30 664
2002  8 20  6 45 664
2002  8 20  7  0 664
2002  8 20  7 15 665
2002  8 20  7 30 664
2002  8 20  7 45 664
2002  8 20  8  0 663
2002  8 20  8 15 663
2002  8 20  8 30 663
2002  8 20  8 45 663
2002  8 20  9  0 663
2002  8 20  9 15 662
2002  8 20  9 30 662
2002  8 20  9 45 661
2002  8 20 10  0 661
2002  8 20 10 15 661
2002  8 20 10 30 661
2002  8 20 10 45 661
2002  8 20 11  0 661
2002  8 20 11 15 661
2002  8 20 11 30 661
2002  8 20 11 45 661
2002  8 20 12  0 661
2002  8 20 12 15 661
2002  8 20 12 30 661
2002  8 20 12 45 660
2002  8 20 13  0 659
2002  8 20 13 15 660
2002  8 20 13 30 660
2002  8 20 13 45 660
2002  8 20 14  0 660
2002  8 20 14 15 659
2002  8 20 14 30 659
2002  8 20 14 45 658
2002  8 20 15  0 658
2002  8 20 15 15 658
2002  8 20 15 30 658
2002  8 20 15 45 658
2002  8 20 16  0 657
2002  8 20 16 15 656
2002  8 20 16 30 657
2002  8 20 16 45 656
2002  8 20 17  0 657
2002  8 20 17 15 656
2002  8 20 17 30 656
2002  8 20 17 45 654
2002  8 20 18  0 655
2002  8 20 18 15 655
2002  8 20 18 30 654
2002  8 20 18 45 653
2002  8 20 19  0 653
2002  8 20 19 15 653
2002  8 20 19 30 653
2002  8 20 19 45 652
2002  8 20 20  0 651
2002  8 20 20 15 652
2002  8 20 20 30 651
2002  8 20 20 45 651
2002  8 20 21  0 651
2002  8 20 21 15 649
2002  8 20 21 30 650
2002  8 20 21 45 649
2002  8 20 22  0 649
2002  8 20 22 15 649
2002  8 20 22 30 648
2002  8 20 22 45 648
2002  8 20 23  0 648
2002  8 20 23 15 648
2002  8 20 23 30 647
2002  8 20 23 45 646
2002  8 21  0  0 646
2002  8 21  0 15 646
2002  8 21  0 30 647
2002  8 21  0 45 646
2002  8 21  1  0 645
2002  8 21  1 15 644
2002  8 21  1 30 644
2002  8 21  1 45 644
2002  8 21  2  0 644
2002  8 21  2 15 644
2002  8 21  2 30 643
2002  8 21  2 45 642
2002  8 21  3  0 642
2002  8 21  3 15 642
2002  8 21  3 30 642
2002  8 21  3 45 641
2002  8 21  4  0 641
2002  8 21  4 15 641
2002  8 21  4 30 641
2002  8 21  4 45 641
2002  8 21  5  0 640
2002  8 21  5 15 640
2002  8 21  5 30 640
2002  8 21  5 45 638
2002  8 21  6  0 639
2002  8 21  6 15 639
2002  8 21  6 30 639
2002  8 21  6 45 638
2002  8 21  7  0 638
2002  8 21  7 15 637
2002  8 21  7 30 636
2002  8 21  7 45 636
2002  8 21  8  0 635
2002  8 21  8 15 636
2002  8 21  8 30 637
2002  8 21  8 45 636
2002  8 21  9  0 636
2002  8 21  9 15 636
2002  8 21  9 30 636
2002  8 21  9 45 636
2002  8 21 10  0 635
2002  8 21 10 15 635
2002  8 21 10 30 634
2002  8 21 10 45 634
2002  8 21 11  0 634
2002  8 21 11 15 634
2002  8 21 11 30 633
2002  8 21 11 45 632
2002  8 21 12  0 632
2002  8 21 12 15 631
2002  8 21 12 30 631
2002  8 21 12 45 631
2002  8 21 13  0 632
2002  8 21 13 15 631
2002  8 21 13 30 631
2002  8 21 13 45 630
2002  8 21 14  0 630
2002  8 21 14 15 630
2002  8 21 14 30 629
2002  8 21 14 45 629
2002  8 21 15  0 628
2002  8 21 15 15 628
2002  8 21 15 30 628
2002  8 21 15 45 627
2002  8 21 16  0 627
2002  8 21 16 15 627
2002  8 21 16 30 627
2002  8 21 16 45 626
2002  8 21 17  0 626
2002  8 21 17 15 625
2002  8 21 17 30 625
2002  8 21 17 45 625
2002  8 21 18  0 624
2002  8 21 18 15 625
2002  8 21 18 30 624
2002  8 21 18 45 623
2002  8 21 19  0 623
2002  8 21 19 15 623
2002  8 21 19 30 623
2002  8 21 19 45 623
2002  8 21 20  0 622
2002  8 21 20 15 621
2002  8 21 20 30 621
2002  8 21 20 45 621
2002  8 21 21  0 620
2002  8 21 21 15 621
2002  8 21 21 30 620
2002  8 21 21 45 620
2002  8 21 22  0 620
2002  8 21 22 15 619
2002  8 21 22 30 619
2002  8 21 22 45 617
2002  8 21 23  0 617
2002  8 21 23 15 617
2002  8 21 23 30 617
2002  8 21 23 45 617
2002  8 22  0  0 616
2002  8 22  0 15 616
2002  8 22  0 30 616
2002  8 22  0 45 616
2002  8 22  1  0 615
2002  8 22  1 15 615
2002  8 22  1 30 615
2002  8 22  1 45 614
2002  8 22  2  0 614
2002  8 22  2 15 614
2002  8 22  2 30 614
2002  8 22  2 45 614
2002  8 22  3  0 614
2002  8 22  3 15 612
2002  8 22  3 30 612
2002  8 22  3 45 612
2002  8 22  4  0 612
2002  8 22  4 15 612
2002  8 22  4 30 611
2002  8 22  4 45 611
2002  8 22  5  0 611
2002  8 22  5 15 611
2002  8 22  5 30 610
2002  8 22  5 45 610
2002  8 22  6  0 609
2002  8 22  6 15 610
2002  8 22  6 30 608
2002  8 22  6 45 608
2002  8 22  7  0 608
2002  8 22  7 15 609
2002  8 22  7 30 608
2002  8 22  7 45 608
2002  8 22  8  0 607
2002  8 22  8 15 607
2002  8 22  8 30 607
2002  8 22  8 45 607
2002  8 22  9  0 607
2002  8 22  9 15 606
2002  8 22  9 30 606
2002  8 22  9 45 606
2002  8 22 10  0 606
2002  8 22 10 15 605
2002  8 22 10 30 605
2002  8 22 10 45 605
2002  8 22 11  0 605
2002  8 22 11 15 604
2002  8 22 11 30 604
2002  8 22 11 45 604
2002  8 22 12  0 603
2002  8 22 12 15 604
2002  8 22 12 30 603
2002  8 22 12 45 603
2002  8 22 13  0 603
2002  8 22 13 15 603
2002  8 22 13 30 602
2002  8 22 13 45 603
2002  8 22 14  0 602
2002  8 22 14 15 602
2002  8 22 14 30 601
2002  8 22 14 45 602
2002  8 22 15  0 601
2002  8 22 15 15 601
2002  8 22 15 30 600
2002  8 22 15 45 600
2002  8 22 16  0 600
2002  8 22 16 15 599
2002  8 22 16 30 600
2002  8 22 16 45 599
2002  8 22 17  0 599
2002  8 22 17 15 599
2002  8 22 17 30 599
2002  8 22 17 45 598
2002  8 22 18  0 598
2002  8 22 18 15 598
2002  8 22 18 30 598
2002  8 22 18 45 597
2002  8 22 19  0 598
2002  8 22 19 15 597
2002  8 22 19 30 597
2002  8 22 19 45 597
2002  8 22 20  0 597
2002  8 22 20 15 596
2002  8 22 20 30 597
2002  8 22 20 45 596
2002  8 22 21  0 595
2002  8 22 21 15 595
2002  8 22 21 30 595
2002  8 22 21 45 595
2002  8 22 22  0 595
2002  8 22 22 15 594
2002  8 22 22 30 593
2002  8 22 22 45 594
2002  8 22 23  0 593
2002  8 22 23 15 593
2002  8 22 23 30 593
2002  8 22 23 45 593
2002  8 23  0  0 593
2002  8 23  0 15 592
2002  8 23  0 30 592
2002  8 23  0 45 592
2002  8 23  1  0 592
2002  8 23  1 15 591
2002  8 23  1 30 591
2002  8 23  1 45 591
2002  8 23  2  0 591
2002  8 23  2 15 590
2002  8 23  2 30 590
2002  8 23  2 45 590
2002  8 23  3  0 589
2002  8 23  3 15 589
2002  8 23  3 30 588
2002  8 23  3 45 588
2002  8 23  4  0 588
2002  8 23  4 15 587
2002  8 23  4 30 586
2002  8 23  4 45 587
2002  8 23  5  0 587
2002  8 23  5 15 586
2002  8 23  5 30 586
2002  8 23  5 45 586
2002  8 23  6  0 585
2002  8 23  6 15 585
2002  8 23  6 30 585
2002  8 23  6 45 584
2002  8 23  7  0 584
2002  8 23  7 15 583
2002  8 23  7 30 583
2002  8 23  7 45 582
2002  8 23  8  0 582
2002  8 23  8 15 582
2002  8 23  8 30 581
2002  8 23  8 45 581
2002  8 23  9  0 581
2002  8 23  9 15 580
2002  8 23  9 30 580
2002  8 23  9 45 579
2002  8 23 10  0 580
2002  8 23 10 15 580
2002  8 23 10 30 579
2002  8 23 10 45 578
2002  8 23 11  0 578
2002  8 23 11 15 578
2002  8 23 11 30 576
2002  8 23 11 45 576
2002  8 23 12  0 576
2002  8 23 12 15 576
2002  8 23 12 30 576
2002  8 23 12 45 575
2002  8 23 13  0 575
2002  8 23 13 15 574
2002  8 23 13 30 574
2002  8 23 13 45 573
2002  8 23 14  0 572
2002  8 23 14  0 575
2002  8 23 14 15 572
2002  8 23 14 30 571
2002  8 23 14 45 571
2002  8 23 15  0 571
2002  8 23 15 15 570
2002  8 23 15 30 569
2002  8 23 15 45 569
2002  8 23 16  0 568
2002  8 23 16 15 568
2002  8 23 16 30 568
2002  8 23 16 45 567
2002  8 23 17  0 566
2002  8 23 17 15 566
2002  8 23 17 30 565
2002  8 23 17 45 565
2002  8 23 18  0 565
2002  8 23 18 15 564
2002  8 23 18 30 564
2002  8 23 18 45 563
2002  8 23 19  0 563
2002  8 23 19 15 562
2002  8 23 19 30 562
2002  8 23 19 45 561
2002  8 23 20  0 561
2002  8 23 20 15 560
2002  8 23 20 30 560
2002  8 23 20 45 560
2002  8 23 21  0 559
2002  8 23 21 15 558
2002  8 23 21 30 558
2002  8 23 21 45 557
2002  8 23 22  0 557
2002  8 23 22 15 556
2002  8 23 22 30 556
2002  8 23 22 45 555
2002  8 23 23  0 555
2002  8 23 23 15 554
2002  8 23 23 30 554
2002  8 23 23 45 553
2002  8 24  0  0 553
2002  8 24  0 15 552
2002  8 24  0 30 552
2002  8 24  0 45 551
2002  8 24  1  0 550
2002  8 24  1 15 550
2002  8 24  1 30 550
2002  8 24  1 45 549
2002  8 24  2  0 548
2002  8 24  2 15 548
2002  8 24  2 30 547
2002  8 24  2 45 547
2002  8 24  3  0 546
2002  8 24  3 15 546
2002  8 24  3 30 546
2002  8 24  3 45 545
2002  8 24  4  0 544
2002  8 24  4 15 544
2002  8 24  4 30 543
2002  8 24  4 45 543
2002  8 24  5  0 542
2002  8 24  5 15 542
2002  8 24  5 30 541
2002  8 24  5 45 541
2002  8 24  6  0 540
2002  8 24  6 15 539
2002  8 24  6 30 539
2002  8 24  6 45 538
2002  8 24  7  0 538
2002  8 24  7 15 538
2002  8 24  7 30 537
2002  8 24  7 45 537
2002  8 24  8  0 536
2002  8 24  8 15 536
2002  8 24  8 30 534
2002  8 24  8 45 534
2002  8 24  9  0 534
2002  8 24  9 15 534
2002  8 24  9 30 533
2002  8 24  9 45 532
2002  8 24 10  0 532
2002  8 24 10 15 531
2002  8 24 10 30 531
2002  8 24 10 45 530
2002  8 24 11  0 530
2002  8 24 11 15 529
2002  8 24 11 30 529
2002  8 24 11 45 529
2002  8 24 12  0 528
2002  8 24 12 15 527
2002  8 24 12 30 527
2002  8 24 12 45 526
2002  8 24 13  0 526
2002  8 24 13 15 526
2002  8 24 13 30 525
2002  8 24 13 45 525
2002  8 24 14  0 524
2002  8 24 14 15 524
2002  8 24 14 30 523
2002  8 24 14 45 523
2002  8 24 15  0 522
2002  8 24 15 15 522
2002  8 24 15 30 521
2002  8 24 15 45 521
2002  8 24 16  0 521
2002  8 24 16 15 520
2002  8 24 16 30 520
2002  8 24 16 45 520
2002  8 24 17  0 519
2002  8 24 17 15 518
2002  8 24 17 30 518
2002  8 24 17 45 517
2002  8 24 18  0 517
2002  8 24 18 15 517
2002  8 24 18 30 516
2002  8 24 18 45 516
2002  8 24 19  0 515
2002  8 24 19 15 514
2002  8 24 19 30 514
2002  8 24 19 45 514
2002  8 24 20  0 514
2002  8 24 20 15 513
2002  8 24 20 30 513
2002  8 24 20 45 512
2002  8 24 21  0 512
2002  8 24 21 15 511
2002  8 24 21 30 511
2002  8 24 21 45 511
2002  8 24 22  0 511
2002  8 24 22 15 510
2002  8 24 22 30 509
2002  8 24 22 45 509
2002  8 24 23  0 508
2002  8 24 23 15 508
2002  8 24 23 30 508
2002  8 24 23 45 507
2002  8 25  0  0 507
2002  8 25  0 15 507
2002  8 25  0 30 506
2002  8 25  0 45 506
2002  8 25  1  0 505
2002  8 25  1 15 505
2002  8 25  1 30 505
2002  8 25  1 45 504
2002  8 25  2  0 504
2002  8 25  2 15 503
2002  8 25  2 30 503
2002  8 25  2 45 503
2002  8 25  3  0 502
2002  8 25  3 15 502
2002  8 25  3 30 502
2002  8 25  3 45 501
2002  8 25  4  0 500
2002  8 25  4 15 500
2002  8 25  4 30 499
2002  8 25  4 45 499
2002  8 25  5  0 499
2002  8 25  5 15 498
2002  8 25  5 30 498
2002  8 25  5 45 498
2002  8 25  6  0 497
2002  8 25  6 15 497
2002  8 25  6 30 497
2002  8 25  6 45 496
2002  8 25  7  0 496
2002  8 25  7 15 495
2002  8 25  7 30 495
2002  8 25  7 45 494
2002  8 25  8  0 494
2002  8 25  8 15 494
2002  8 25  8 30 493
2002  8 25  8 45 493
2002  8 25  9  0 493
2002  8 25  9 15 493
2002  8 25  9 30 492
2002  8 25  9 45 492
2002  8 25 10  0 491
2002  8 25 10 15 491
2002  8 25 10 30 491
2002  8 25 10 45 490
2002  8 25 11  0 490
2002  8 25 11 15 489
2002  8 25 11 30 489
2002  8 25 11 45 488
2002  8 25 12  0 488
2002  8 25 12 15 488
2002  8 25 12 30 487
2002  8 25 12 45 487
2002  8 25 13  0 487
2002  8 25 13 15 486
2002  8 25 13 30 486
2002  8 25 13 45 486
2002  8 25 14  0 485
2002  8 25 14 15 485
2002  8 25 14 30 485
2002  8 25 14 45 484
2002  8 25 15  0 484
2002  8 25 15 15 483
2002  8 25 15 30 483
2002  8 25 15 45 483
2002  8 25 16  0 482
2002  8 25 16 15 482
2002  8 25 16 30 482
2002  8 25 16 45 481
2002  8 25 17  0 481
2002  8 25 17 15 481
2002  8 25 17 30 480
2002  8 25 17 45 480
2002  8 25 18  0 479
2002  8 25 18 15 479
2002  8 25 18 30 478
2002  8 25 18 45 478
2002  8 25 19  0 478
2002  8 25 19 15 478
2002  8 25 19 30 477
2002  8 25 19 45 477
2002  8 25 20  0 477
2002  8 25 20 15 476
2002  8 25 20 30 476
2002  8 25 20 45 475
2002  8 25 21  0 475
2002  8 25 21 15 475
2002  8 25 21 30 474
2002  8 25 21 45 474
2002  8 25 22  0 474
2002  8 25 22 15 473
2002  8 25 22 30 473
2002  8 25 22 45 472
2002  8 25 23  0 472
2002  8 25 23 15 472
2002  8 25 23 30 471
2002  8 25 23 45 471
2002  8 26  0  0 470
2002  8 26  0 15 470
2002  8 26  0 30 469
2002  8 26  0 45 469
2002  8 26  1  0 469
2002  8 26  1 15 468
2002  8 26  1 30 468
2002  8 26  1 45 468
2002  8 26  2  0 467
2002  8 26  2 15 467
2002  8 26  2 30 466
2002  8 26  2 45 466
2002  8 26  3  0 466
2002  8 26  3 15 465
2002  8 26  3 30 465
2002  8 26  3 45 465
2002  8 26  4  0 464
2002  8 26  4 15 463
2002  8 26  4 30 464
2002  8 26  4 45 463
2002  8 26  5  0 463
2002  8 26  5 15 462
2002  8 26  5 30 462
2002  8 26  5 45 462
2002  8 26  6  0 462
2002  8 26  6 15 461
2002  8 26  6 30 461
2002  8 26  6 45 460
2002  8 26  7  0 460
2002  8 26  7 15 459
2002  8 26  7 30 459
2002  8 26  7 45 458
2002  8 26  8  0 458
2002  8 26  8 15 458
2002  8 26  8 30 457
2002  8 26  8 45 457
2002  8 26  9  0 457
2002  8 26  9 15 457
2002  8 26  9 30 456
2002  8 26  9 45 456
2002  8 26 10  0 456
2002  8 26 10 15 455
2002  8 26 10 30 455
2002  8 26 10 45 454
2002  8 26 11  0 454
2002  8 26 11 15 453
2002  8 26 11 30 454
2002  8 26 11 45 453
2002  8 26 12  0 452
2002  8 26 12 15 452
2002  8 26 12 30 452
2002  8 26 12 45 452
2002  8 26 13  0 451
2002  8 26 13 15 451
2002  8 26 13 30 451
2002  8 26 13 45 450
2002  8 26 14  0 450
2002  8 26 14 15 450
2002  8 26 14 30 449
2002  8 26 14 45 449
2002  8 26 15  0 449
2002  8 26 15 15 449
2002  8 26 15 30 449
2002  8 26 15 45 448
2002  8 26 16 30 448
2002  8 26 16 45 448
2002  8 26 17  0 448
2002  8 26 17 15 448
2002  8 26 17 30 448
2002  8 26 17 45 448
2002  8 26 18  0 448
2002  8 26 18 15 448
2002  8 26 18 30 448
2002  8 26 18 45 448
2002  8 26 19  0 448
2002  8 26 19 15 448
2002  8 26 19 30 448
2002  8 26 19 45 447
2002  8 26 20  0 447
2002  8 26 20 15 447
2002  8 26 20 30 447
2002  8 26 20 45 447
2002  8 26 21  0 447
2002  8 26 21 15 447
2002  8 26 21 30 446
2002  8 26 21 45 447
2002  8 26 22  0 446
2002  8 26 22 15 446
2002  8 26 22 30 446
2002  8 26 22 45 446
2002  8 26 23  0 445
2002  8 26 23 15 445
2002  8 26 23 30 445
2002  8 26 23 45 445
2002  8 27  0  0 444
2002  8 27  0 15 444
2002  8 27  0 30 444
2002  8 27  0 45 444
2002  8 27  1  0 444
2002  8 27  1 15 443
2002  8 27  1 30 443
2002  8 27  1 45 443
2002  8 27  2  0 443
2002  8 27  2 15 442
2002  8 27  2 30 442
2002  8 27  2 45 442
2002  8 27  3  0 441
2002  8 27  3 15 441
2002  8 27  3 30 440
2002  8 27  3 45 440
2002  8 27  4  0 440
2002  8 27  4 15 440
2002  8 27  4 30 439
2002  8 27  4 45 439
2002  8 27  5  0 439
2002  8 27  5 15 438
2002  8 27  5 30 438
2002  8 27  5 45 437
2002  8 27  6  0 437
2002  8 27  6 15 437
2002  8 27  6 30 437
2002  8 27  6 45 436
2002  8 27  7  0 436
2002  8 27  7 15 436
2002  8 27  7 30 435
2002  8 27  7 45 435
2002  8 27  8  0 434
2002  8 27  8 15 434
2002  8 27  9  0 438
2002  8 27  9 15 432
2002  8 27  9 30 432
2002  8 27  9 45 431
2002  8 27 10  0 431
2002  8 27 10 15 431
2002  8 27 10 30 430
2002  8 27 10 45 430
2002  8 27 11  0 429
2002  8 27 11 15 428
2002  8 27 11 30 429
2002  8 27 11 45 428
2002  8 27 12  0 428
2002  8 27 12 15 428
2002  8 27 12 30 427
2002  8 27 12 45 427
2002  8 27 13  0 427
2002  8 27 13 15 426
2002  8 27 13 30 426
2002  8 27 13 45 426
2002  8 27 14  0 426
2002  8 27 14 15 425
2002  8 27 14 30 424
2002  8 27 14 45 424
2002  8 27 15  0 424
2002  8 27 15 15 424
2002  8 27 15 30 423
2002  8 27 15 45 423
2002  8 27 16  0 422
2002  8 27 16 15 422
2002  8 27 16 30 422
2002  8 27 16 45 422
2002  8 27 17  0 421
2002  8 27 17 15 421
2002  8 27 17 30 421
2002  8 27 17 45 420
2002  8 27 18  0 420
2002  8 27 18 15 420
2002  8 27 18 30 419
2002  8 27 18 45 419
2002  8 27 19  0 419
2002  8 27 19 15 419
2002  8 27 19 30 418
2002  8 27 19 45 418
2002  8 27 20  0 417
2002  8 27 20 15 417
2002  8 27 20 30 417
2002  8 27 20 45 417
2002  8 27 21  0 416
2002  8 27 21 15 416
2002  8 27 21 30 415
2002  8 27 21 45 415
2002  8 27 22  0 415
2002  8 27 22 15 414
2002  8 27 22 30 414
2002  8 27 22 45 413
2002  8 27 23  0 413
2002  8 27 23 15 413
2002  8 27 23 30 413
2002  8 27 23 45 413
2002  8 28  0  0 412
2002  8 28  0 15 412
2002  8 28  0 30 412
2002  8 28  0 45 411
2002  8 28  1  0 411
2002  8 28  1 15 411
2002  8 28  1 30 411
2002  8 28  1 45 410
2002  8 28  2  0 410
2002  8 28  2 15 410
2002  8 28  2 30 409
2002  8 28  2 45 409
2002  8 28  3  0 409
2002  8 28  3 15 409
2002  8 28  3 30 408
2002  8 28  3 45 408
2002  8 28  4  0 408
2002  8 28  4 15 408
2002  8 28  4 30 407
2002  8 28  4 45 407
2002  8 28  5  0 407
2002  8 28  5 15 406
2002  8 28  5 30 406
2002  8 28  5 45 406
2002  8 28  6  0 406
2002  8 28  6 15 405
2002  8 28  6 30 405
2002  8 28  6 45 404
2002  8 28  7  0 404
2002  8 28  7 15 404
2002  8 28  7 30 403
2002  8 28  7 45 403
2002  8 28  8  0 403
2002  8 28  8 15 402
2002  8 28  8 30 402
2002  8 28  8 45 401
2002  8 28  9  0 402
2002  8 28  9 15 401
2002  8 28  9 30 401
2002  8 28  9 45 400
2002  8 28 10  0 400
2002  8 28 10 15 400
2002  8 28 10 30 400
2002  8 28 10 45 399
2002  8 28 11  0 399
2002  8 28 11 15 398
2002  8 28 11 30 399
2002  8 28 11 45 398
2002  8 28 12  0 397
2002  8 28 12 15 397
2002  8 28 12 30 397
2002  8 28 12 45 396
2002  8 28 13  0 396
2002  8 28 13 15 396
2002  8 28 13 30 395
2002  8 28 13 45 395
2002  8 28 14  0 395
2002  8 28 14 15 394
2002  8 28 14 30 394
2002  8 28 14 45 394
2002  8 28 15  0 394
2002  8 28 15 15 393
2002  8 28 15 30 393
2002  8 28 15 45 393
2002  8 28 16  0 393
2002  8 28 16 15 393
2002  8 28 16 30 392
2002  8 28 16 45 391
2002  8 28 17  0 392
2002  8 28 17 15 392
2002  8 28 17 30 391
2002  8 28 17 45 391
2002  8 28 18  0 390
2002  8 28 18 15 390
2002  8 28 18 30 390
2002  8 28 18 45 390
2002  8 28 19  0 390
2002  8 28 19 15 389
2002  8 28 19 30 389
2002  8 28 19 45 389
2002  8 28 20  0 389
2002  8 28 20 15 389
2002  8 28 20 30 388
2002  8 28 20 45 388
2002  8 28 21  0 388
2002  8 28 21 15 388
2002  8 28 21 30 387
2002  8 28 21 45 387
2002  8 28 22  0 387
2002  8 28 22 15 387
2002  8 28 22 30 386
2002  8 28 22 45 386
2002  8 28 23  0 386
2002  8 28 23 15 386
2002  8 28 23 30 385
2002  8 28 23 45 385
2002  8 29  0  0 385
2002  8 29  0 15 385
2002  8 29  0 30 384
2002  8 29  0 45 384
2002  8 29  1  0 383
2002  8 29  1 15 383
2002  8 29  1 30 383
2002  8 29  1 45 382
2002  8 29  2  0 382
2002  8 29  2 15 382
2002  8 29  2 30 382
2002  8 29  2 45 381
2002  8 29  3  0 381
2002  8 29  3 15 381
2002  8 29  3 30 381
2002  8 29  3 45 380
2002  8 29  4  0 380
2002  8 29  4 15 379
2002  8 29  4 30 379
2002  8 29  4 45 378
2002  8 29  5  0 379
2002  8 29  5 15 378
2002  8 29  5 30 377
2002  8 29  5 45 377
2002  8 29  6  0 377
2002  8 29  6 15 377
2002  8 29  6 30 376
2002  8 29  6 45 376
2002  8 29  7  0 376
2002  8 29  7 15 375
2002  8 29  7 30 376
2002  8 29  7 45 375
2002  8 29  8  0 375
2002  8 29  8 15 374
2002  8 29  8 30 374
2002  8 29  8 45 374
2002  8 29  9  0 374
2002  8 29  9 15 373
2002  8 29  9 30 374
2002  8 29  9 45 374
2002  8 29 10  0 373
2002  8 29 10 15 373
2002  8 29 10 30 372
2002  8 29 10 45 372
2002  8 29 11  0 371
2002  8 29 11 15 371
2002  8 29 11 30 371
2002  8 29 11 45 370
2002  8 29 12  0 370
2002  8 29 12 15 370
2002  8 29 12 30 370
2002  8 29 12 45 370
2002  8 29 13  0 369
2002  8 29 13 15 369
2002  8 29 13 30 369
2002  8 29 13 45 369
2002  8 29 14  0 368
2002  8 29 14 15 368
2002  8 29 14 30 368
2002  8 29 14 45 367
2002  8 29 15  0 367
2002  8 29 15 15 367
2002  8 29 15 30 367
2002  8 29 15 45 366
2002  8 29 16  0 366
2002  8 29 16 15 366
2002  8 29 16 30 365
2002  8 29 16 45 365
2002  8 29 17  0 365
2002  8 29 17 15 365
2002  8 29 17 30 364
2002  8 29 17 45 364
2002  8 29 18  0 364
2002  8 29 18 15 364
2002  8 29 18 30 363
2002  8 29 18 45 362
2002  8 29 19  0 363
2002  8 29 19 15 362
2002  8 29 19 30 362
2002  8 29 19 45 362
2002  8 29 20  0 361
2002  8 29 20 15 361
2002  8 29 20 30 360
2002  8 29 20 45 360
2002  8 29 21  0 360
2002  8 29 21 15 360
2002  8 29 21 30 359
2002  8 29 21 45 359
2002  8 29 22  0 359
2002  8 29 22 15 359
2002  8 29 22 30 358
2002  8 29 22 45 359
2002  8 29 23  0 358
2002  8 29 23 15 357
2002  8 29 23 30 357
2002  8 29 23 45 357
2002  8 30  0  0 356
2002  8 30  0 15 356
2002  8 30  0 30 355
2002  8 30  0 45 355
2002  8 30  1  0 355
2002  8 30  1 15 354
2002  8 30  1 30 354
2002  8 30  1 45 354
2002  8 30  2  0 354
2002  8 30  2 15 353
2002  8 30  2 30 353
2002  8 30  2 45 353
2002  8 30  3  0 353
2002  8 30  3 15 352
2002  8 30  3 30 352
2002  8 30  3 45 351
2002  8 30  4  0 351
2002  8 30  4 15 350
2002  8 30  4 30 350
2002  8 30  4 45 350
2002  8 30  5  0 350
2002  8 30  5 15 349
