2002  7 31  0  0 148
2002  7 31  0 15 148
2002  7 31  0 30 148
2002  7 31  0 45 148
2002  7 31  1  0 148
2002  7 31  1 15 148
2002  7 31  1 30 148
2002  7 31  1 45 148
2002  7 31  2  0 148
2002  7 31  2 15 148
2002  7 31  2 30 148
2002  7 31  2 45 148
2002  7 31  3  0 148
2002  7 31  3 15 148
2002  7 31  3 30 148
2002  7 31  3 45 148
2002  7 31  4  0 148
2002  7 31  4 15 148
2002  7 31  4 30 148
2002  7 31  4 45 148
2002  7 31  5  0 148
2002  7 31  5 15 148
2002  7 31  5 30 148
2002  7 31  5 45 148
2002  7 31  6  0 148
2002  7 31  6 15 148
2002  7 31  6 30 148
2002  7 31  6 45 148
2002  7 31  7  0 148
2002  7 31  7 15 148
2002  7 31  7 30 148
2002  7 31  7 45 147
2002  7 31  8  0 147
2002  7 31  8 15 147
2002  7 31  8 30 147
2002  7 31  8 45 147
2002  7 31  9  0 147
2002  7 31  9 15 147
2002  7 31  9 30 147
2002  7 31  9 45 147
2002  7 31 10  0 147
2002  7 31 10 15 147
2002  7 31 10 30 147
2002  7 31 10 45 147
2002  7 31 11  0 146
2002  7 31 11 15 146
2002  7 31 11 30 146
2002  7 31 11 45 146
2002  7 31 12  0 146
2002  7 31 12 15 146
2002  7 31 12 30 146
2002  7 31 12 45 146
2002  7 31 13  0 146
2002  7 31 13 15 146
2002  7 31 13 30 146
2002  7 31 13 45 146
2002  7 31 14  0 145
2002  7 31 14 15 145
2002  7 31 14 30 145
2002  7 31 14 45 145
2002  7 31 15  0 145
2002  7 31 15 15 145
2002  7 31 15 30 145
2002  7 31 15 45 145
2002  7 31 16  0 145
2002  7 31 16 15 145
2002  7 31 16 30 144
2002  7 31 16 45 144
2002  7 31 17  0 144
2002  7 31 17 15 144
2002  7 31 17 30 144
2002  7 31 17 45 144
2002  7 31 18  0 144
2002  7 31 18 15 144
2002  7 31 18 30 144
2002  7 31 18 45 144
2002  7 31 19  0 143
2002  7 31 19 15 143
2002  7 31 19 30 143
2002  7 31 19 45 143
2002  7 31 20  0 143
2002  7 31 20 15 143
2002  7 31 20 30 143
2002  7 31 20 45 143
2002  7 31 21  0 143
2002  7 31 21 15 143
2002  7 31 21 30 143
2002  7 31 21 45 142
2002  7 31 22  0 142
2002  7 31 22 15 142
2002  7 31 22 30 142
2002  7 31 22 45 142
2002  7 31 23  0 142
2002  7 31 23 15 142
2002  7 31 23 30 142
2002  7 31 23 45 142
2002  8  1  0  0 141
2002  8  1  0 15 141
2002  8  1  0 30 141
2002  8  1  0 45 141
2002  8  1  1  0 141
2002  8  1  1 15 141
2002  8  1  1 30 141
2002  8  1  1 45 141
2002  8  1  2  0 141
2002  8  1  2 15 141
2002  8  1  2 30 141
2002  8  1  2 45 141
2002  8  1  3  0 141
2002  8  1  3 15 140
2002  8  1  3 30 140
2002  8  1  3 45 140
2002  8  1  4  0 140
2002  8  1  4 15 140
2002  8  1  4 30 140
2002  8  1  4 45 140
2002  8  1  5  0 140
2002  8  1  5 15 140
2002  8  1  5 30 140
2002  8  1  5 45 140
2002  8  1  6  0 140
2002  8  1  6 15 140
2002  8  1  6 30 140
2002  8  1  6 45 140
2002  8  1  7  0 140
2002  8  1  7 15 140
2002  8  1  7 30 140
2002  8  1  7 45 140
2002  8  1  8  0 140
2002  8  1  8 15 139
2002  8  1  8 30 139
2002  8  1  8 45 143
2002  8  1  9  0 139
2002  8  1  9 15 139
2002  8  1  9 30 139
2002  8  1  9 45 139
2002  8  1 10  0 139
2002  8  1 10 15 139
2002  8  1 10 30 139
2002  8  1 10 45 139
2002  8  1 11  0 139
2002  8  1 11 15 139
2002  8  1 11 30 139
2002  8  1 11 45 139
2002  8  1 12  0 139
2002  8  1 12 15 140
2002  8  1 12 30 139
2002  8  1 12 45 139
2002  8  1 13  0 139
2002  8  1 13 15 139
2002  8  1 13 30 139
2002  8  1 13 45 138
2002  8  1 14  0 139
2002  8  1 14 15 138
2002  8  1 14 30 139
2002  8  1 14 45 139
2002  8  1 15  0 138
2002  8  1 15 15 138
2002  8  1 15 30 138
2002  8  1 15 45 138
2002  8  1 16  0 140
2002  8  1 16 15 142
2002  8  1 16 30 142
2002  8  1 16 45 142
2002  8  1 17  0 142
2002  8  1 17 15 142
2002  8  1 17 30 142
2002  8  1 17 45 142
2002  8  1 18  0 142
2002  8  1 18 15 142
2002  8  1 18 30 142
2002  8  1 18 45 142
2002  8  1 19  0 142
2002  8  1 19 15 142
2002  8  1 19 30 142
2002  8  1 19 45 142
2002  8  1 20  0 142
2002  8  1 20 15 142
2002  8  1 20 30 141
2002  8  1 20 45 141
2002  8  1 21  0 141
2002  8  1 21 15 141
2002  8  1 21 30 141
2002  8  1 21 45 141
2002  8  1 22  0 141
2002  8  1 22 15 141
2002  8  1 22 30 141
2002  8  1 22 45 141
2002  8  1 23  0 141
2002  8  1 23 15 142
2002  8  1 23 30 142
2002  8  1 23 45 142
2002  8  2  0  0 142
2002  8  2  0 15 142
2002  8  2  0 30 142
2002  8  2  0 45 142
2002  8  2  1  0 142
2002  8  2  1 15 142
2002  8  2  1 30 142
2002  8  2  1 45 143
2002  8  2  2  0 143
2002  8  2  2 15 143
2002  8  2  2 30 143
2002  8  2  2 45 143
2002  8  2  3  0 143
2002  8  2  3 15 143
2002  8  2  3 30 143
2002  8  2  3 45 143
2002  8  2  4  0 143
2002  8  2  4 15 143
2002  8  2  4 30 143
2002  8  2  4 45 143
2002  8  2  5  0 143
2002  8  2  5 15 143
2002  8  2  5 30 143
2002  8  2  5 45 143
2002  8  2  6  0 143
2002  8  2  6 15 143
2002  8  2  6 30 143
2002  8  2  6 45 143
2002  8  2  7  0 143
2002  8  2  7 15 143
2002  8  2  7 30 143
2002  8  2  7 45 143
2002  8  2  8  0 143
2002  8  2  8 15 143
2002  8  2  8 30 143
2002  8  2  8 45 143
2002  8  2  9  0 143
2002  8  2  9 15 143
2002  8  2  9 30 143
2002  8  2  9 45 143
2002  8  2 10  0 143
2002  8  2 10 15 143
2002  8  2 10 30 143
2002  8  2 10 45 143
2002  8  2 11  0 143
2002  8  2 11 15 143
2002  8  2 11 30 143
2002  8  2 11 45 143
2002  8  2 12  0 143
2002  8  2 12 15 143
2002  8  2 12 30 143
2002  8  2 12 45 143
2002  8  2 13  0 142
2002  8  2 13 15 142
2002  8  2 13 30 142
2002  8  2 13 45 142
2002  8  2 14  0 142
2002  8  2 14 15 142
2002  8  2 14 30 142
2002  8  2 14 45 142
2002  8  2 15  0 142
2002  8  2 15 15 142
2002  8  2 15 30 142
2002  8  2 15 45 142
2002  8  2 16  0 142
2002  8  2 16 15 142
2002  8  2 16 30 142
2002  8  2 16 45 141
2002  8  2 17  0 141
2002  8  2 17 15 141
2002  8  2 17 30 141
2002  8  2 17 45 141
2002  8  2 18  0 141
2002  8  2 18 15 141
2002  8  2 18 30 141
2002  8  2 18 45 141
2002  8  2 19  0 141
2002  8  2 19 15 141
2002  8  2 19 30 141
2002  8  2 19 45 141
2002  8  2 20  0 140
2002  8  2 20 15 140
2002  8  2 20 30 140
2002  8  2 20 45 140
2002  8  2 21  0 140
2002  8  2 21 15 140
2002  8  2 21 30 140
2002  8  2 21 45 140
2002  8  2 22  0 140
2002  8  2 22 15 140
2002  8  2 22 30 140
2002  8  2 22 45 140
2002  8  2 23  0 140
2002  8  2 23 15 140
2002  8  2 23 30 140
2002  8  2 23 45 140
2002  8  3  0  0 140
2002  8  3  0 15 139
2002  8  3  0 30 139
2002  8  3  0 45 139
2002  8  3  1  0 139
2002  8  3  1 15 139
2002  8  3  1 30 139
2002  8  3  1 45 139
2002  8  3  2  0 139
2002  8  3  2 15 139
2002  8  3  2 30 139
2002  8  3  2 45 139
2002  8  3  3  0 139
2002  8  3  3 15 139
2002  8  3  3 30 139
2002  8  3  3 45 139
2002  8  3  4  0 139
2002  8  3  4 15 139
2002  8  3  4 30 139
2002  8  3  4 45 139
2002  8  3  5  0 139
2002  8  3  5 15 139
2002  8  3  5 30 139
2002  8  3  5 45 140
2002  8  3  6  0 140
2002  8  3  6 15 140
2002  8  3  6 30 140
2002  8  3  6 45 140
2002  8  3  7  0 140
2002  8  3  7 15 140
2002  8  3  7 30 140
2002  8  3  7 45 140
2002  8  3  8  0 140
2002  8  3  8 15 140
2002  8  3  8 30 140
2002  8  3  8 45 140
2002  8  3  9  0 141
2002  8  3  9 15 140
2002  8  3  9 30 140
2002  8  3  9 45 140
2002  8  3 10  0 141
2002  8  3 10 15 141
2002  8  3 10 30 141
2002  8  3 10 45 141
2002  8  3 11  0 141
2002  8  3 11 15 141
2002  8  3 11 30 141
2002  8  3 11 45 141
2002  8  3 12  0 141
2002  8  3 12 15 141
2002  8  3 12 30 141
2002  8  3 12 45 142
2002  8  3 13  0 142
2002  8  3 13 15 142
2002  8  3 13 30 142
2002  8  3 13 45 142
2002  8  3 14  0 142
2002  8  3 14 15 142
2002  8  3 14 30 142
2002  8  3 14 45 142
2002  8  3 15  0 142
2002  8  3 15 15 142
2002  8  3 15 30 142
2002  8  3 15 45 142
2002  8  3 16  0 142
2002  8  3 16 15 142
2002  8  3 16 30 143
2002  8  3 16 45 143
2002  8  3 17  0 143
2002  8  3 17 15 144
2002  8  3 17 30 143
2002  8  3 17 45 143
2002  8  3 18  0 144
2002  8  3 18 15 144
2002  8  3 18 30 144
2002  8  3 18 45 143
2002  8  3 19  0 144
2002  8  3 19 15 144
2002  8  3 19 30 144
2002  8  3 19 45 144
2002  8  3 20  0 144
2002  8  3 20 15 144
2002  8  3 20 30 144
2002  8  3 20 45 144
2002  8  3 21  0 144
2002  8  3 21 15 145
2002  8  3 21 30 145
2002  8  3 21 45 145
2002  8  3 22  0 145
2002  8  3 22 15 145
2002  8  3 22 30 145
2002  8  3 22 45 145
2002  8  3 23  0 145
2002  8  3 23 15 146
2002  8  3 23 30 146
2002  8  3 23 45 146
2002  8  4  0  0 146
2002  8  4  0 15 146
2002  8  4  0 30 146
2002  8  4  0 45 146
2002  8  4  1  0 146
2002  8  4  1 15 146
2002  8  4  1 30 146
2002  8  4  1 45 147
2002  8  4  2  0 147
2002  8  4  2 15 147
2002  8  4  2 30 147
2002  8  4  2 45 147
2002  8  4  3  0 147
2002  8  4  3 15 147
2002  8  4  3 30 147
2002  8  4  3 45 147
2002  8  4  4  0 147
2002  8  4  4 15 147
2002  8  4  4 30 147
2002  8  4  4 45 147
2002  8  4  5  0 147
2002  8  4  5 15 147
2002  8  4  5 30 147
2002  8  4  5 45 148
2002  8  4  6  0 147
2002  8  4  6 15 147
2002  8  4  6 30 148
2002  8  4  6 45 148
2002  8  4  7  0 148
2002  8  4  7 15 148
2002  8  4  7 30 148
2002  8  4  7 45 148
2002  8  4  8  0 148
2002  8  4  8 15 148
2002  8  4  8 30 147
2002  8  4  8 45 147
2002  8  4  9  0 147
2002  8  4  9 15 147
2002  8  4  9 30 147
2002  8  4  9 45 147
2002  8  4 10  0 147
2002  8  4 10 15 148
2002  8  4 10 30 147
2002  8  4 10 45 147
2002  8  4 11  0 147
2002  8  4 11 15 147
2002  8  4 11 30 147
2002  8  4 11 45 147
2002  8  4 12  0 147
2002  8  4 12 15 147
2002  8  4 12 30 147
2002  8  4 12 45 147
2002  8  4 13  0 147
2002  8  4 13 15 147
2002  8  4 13 30 147
2002  8  4 13 45 147
2002  8  4 14  0 147
2002  8  4 14 15 147
2002  8  4 14 30 146
2002  8  4 14 45 147
2002  8  4 15  0 147
2002  8  4 15 15 147
2002  8  4 15 30 147
2002  8  4 15 45 147
2002  8  4 16  0 147
2002  8  4 16 15 147
2002  8  4 16 30 147
2002  8  4 16 45 147
2002  8  4 17  0 147
2002  8  4 17 15 147
2002  8  4 17 30 146
2002  8  4 17 45 146
2002  8  4 18  0 146
2002  8  4 18 15 146
2002  8  4 18 30 146
2002  8  4 18 45 146
2002  8  4 19  0 146
2002  8  4 19 15 146
2002  8  4 19 30 145
2002  8  4 19 45 145
2002  8  4 20  0 145
2002  8  4 20 15 145
2002  8  4 20 30 145
2002  8  4 20 45 145
2002  8  4 21  0 144
2002  8  4 21 15 144
2002  8  4 21 30 144
2002  8  4 21 45 144
2002  8  4 22  0 144
2002  8  4 22 15 144
2002  8  4 22 30 143
2002  8  4 22 45 143
2002  8  4 23  0 143
2002  8  4 23 15 143
2002  8  4 23 30 143
2002  8  4 23 45 143
2002  8  5  0  0 143
2002  8  5  0 15 143
2002  8  5  0 30 142
2002  8  5  0 45 142
2002  8  5  1  0 142
2002  8  5  1 15 142
2002  8  5  1 30 142
2002  8  5  1 45 142
2002  8  5  2  0 142
2002  8  5  2 15 141
2002  8  5  2 30 141
2002  8  5  2 45 141
2002  8  5  3  0 141
2002  8  5  3 15 141
2002  8  5  3 30 141
2002  8  5  3 45 141
2002  8  5  4  0 141
2002  8  5  4 15 140
2002  8  5  4 30 140
2002  8  5  4 45 140
2002  8  5  5  0 140
2002  8  5  5 15 140
2002  8  5  5 30 140
2002  8  5  5 45 140
2002  8  5  6  0 140
2002  8  5  6 15 139
2002  8  5  6 30 139
2002  8  5  6 45 139
2002  8  5  7  0 139
2002  8  5  7 15 139
2002  8  5  7 30 139
2002  8  5  7 45 138
2002  8  5  8  0 138
2002  8  5  8 15 138
2002  8  5  8 30 138
2002  8  5  8 45 138
2002  8  5  9  0 138
2002  8  5  9 15 138
2002  8  5  9 30 138
2002  8  5  9 45 138
2002  8  5 10  0 137
2002  8  5 10 15 137
2002  8  5 10 30 137
2002  8  5 10 45 137
2002  8  5 11  0 137
2002  8  5 11 15 137
2002  8  5 11 30 137
2002  8  5 11 45 137
2002  8  5 12  0 137
2002  8  5 12 15 137
2002  8  5 12 30 137
2002  8  5 12 45 137
2002  8  5 13  0 137
2002  8  5 13 15 137
2002  8  5 13 30 137
2002  8  5 13 45 138
2002  8  5 14  0 138
2002  8  5 14 15 138
2002  8  5 14 30 138
2002  8  5 14 45 138
2002  8  5 15  0 138
2002  8  5 15 15 138
2002  8  5 15 30 138
2002  8  5 15 45 138
2002  8  5 16  0 138
2002  8  5 16 15 139
2002  8  5 16 30 139
2002  8  5 16 45 139
2002  8  5 17  0 139
2002  8  5 17 15 139
2002  8  5 17 30 139
2002  8  5 17 45 139
2002  8  5 18  0 139
2002  8  5 18 15 139
2002  8  5 18 30 139
2002  8  5 18 45 140
2002  8  5 19  0 140
2002  8  5 19 15 140
2002  8  5 19 30 140
2002  8  5 19 45 140
2002  8  5 20  0 140
2002  8  5 20 15 140
2002  8  5 20 30 140
2002  8  5 20 45 140
2002  8  5 21  0 141
2002  8  5 21 15 141
2002  8  5 21 30 141
2002  8  5 21 45 141
2002  8  5 22  0 141
2002  8  5 22 15 141
2002  8  5 22 30 141
2002  8  5 22 45 141
2002  8  5 23  0 141
2002  8  5 23 15 142
2002  8  5 23 30 142
2002  8  5 23 45 142
2002  8  6  0  0 142
2002  8  6  0 15 143
2002  8  6  0 30 143
2002  8  6  0 45 143
2002  8  6  1  0 143
2002  8  6  1 15 143
2002  8  6  1 30 143
2002  8  6  1 45 144
2002  8  6  2  0 144
2002  8  6  2 15 144
2002  8  6  2 30 144
2002  8  6  2 45 144
2002  8  6  3  0 144
2002  8  6  3 15 145
2002  8  6  3 30 145
2002  8  6  3 45 145
2002  8  6  4  0 145
2002  8  6  4 15 145
2002  8  6  4 30 145
2002  8  6  4 45 146
2002  8  6  5  0 146
2002  8  6  5 15 146
2002  8  6  5 30 146
2002  8  6  5 45 146
2002  8  6  6  0 146
2002  8  6  6 15 146
2002  8  6  6 30 146
2002  8  6  6 45 147
2002  8  6  7  0 147
2002  8  6  7 15 147
2002  8  6  7 30 147
2002  8  6  7 45 147
2002  8  6  8  0 147
2002  8  6  8 15 148
2002  8  6  8 30 148
2002  8  6  8 45 148
2002  8  6  9  0 148
2002  8  6  9 15 148
2002  8  6  9 30 148
2002  8  6  9 45 148
2002  8  6 10  0 148
2002  8  6 10 15 149
2002  8  6 10 30 148
2002  8  6 10 45 148
2002  8  6 11  0 148
2002  8  6 11 15 148
2002  8  6 11 30 149
2002  8  6 11 45 149
2002  8  6 12  0 148
2002  8  6 12 15 148
2002  8  6 12 30 149
2002  8  6 12 45 149
2002  8  6 13  0 149
2002  8  6 13 15 149
2002  8  6 13 30 149
2002  8  6 13 45 149
2002  8  6 14  0 149
2002  8  6 14 15 149
2002  8  6 14 30 149
2002  8  6 14 45 149
2002  8  6 15  0 148
2002  8  6 15 15 148
2002  8  6 15 30 148
2002  8  6 15 45 148
2002  8  6 16  0 148
2002  8  6 16 15 148
2002  8  6 16 30 149
2002  8  6 16 45 149
2002  8  6 17  0 149
2002  8  6 17 15 148
2002  8  6 17 30 148
2002  8  6 17 45 148
2002  8  6 18  0 148
2002  8  6 18 15 149
2002  8  6 18 30 149
2002  8  6 18 45 149
2002  8  6 19  0 149
2002  8  6 19 15 149
2002  8  6 19 30 149
2002  8  6 19 45 149
2002  8  6 20  0 148
2002  8  6 20 15 149
2002  8  6 20 30 149
2002  8  6 20 45 149
2002  8  6 21  0 149
2002  8  6 21 15 149
2002  8  6 21 30 149
2002  8  6 21 45 149
2002  8  6 22  0 149
2002  8  6 22 15 149
2002  8  6 22 30 149
2002  8  6 22 45 149
2002  8  6 23  0 149
2002  8  6 23 15 149
2002  8  6 23 30 149
2002  8  6 23 45 149
2002  8  7  0  0 149
2002  8  7  0 15 149
2002  8  7  0 30 149
2002  8  7  0 45 149
2002  8  7  1  0 149
2002  8  7  1 15 149
2002  8  7  1 30 149
2002  8  7  1 45 149
2002  8  7  2  0 149
2002  8  7  2 15 149
2002  8  7  2 30 149
2002  8  7  2 45 149
2002  8  7  3  0 149
2002  8  7  3 15 149
2002  8  7  3 30 149
2002  8  7  3 45 149
2002  8  7  4  0 149
2002  8  7  4 15 149
2002  8  7  4 30 149
2002  8  7  4 45 150
2002  8  7  5  0 150
2002  8  7  5 15 150
2002  8  7  5 30 150
2002  8  7  5 45 150
2002  8  7  6  0 150
2002  8  7  6 15 150
2002  8  7  6 30 150
2002  8  7  6 45 150
2002  8  7  7  0 150
2002  8  7  7 15 150
2002  8  7  7 30 150
2002  8  7  7 45 150
2002  8  7  8  0 150
2002  8  7  8 15 150
2002  8  7  8 30 150
2002  8  7  8 45 150
2002  8  7  9  0 150
2002  8  7  9 15 151
2002  8  7  9 30 151
2002  8  7  9 45 151
2002  8  7 10  0 151
2002  8  7 10 15 151
2002  8  7 10 30 151
2002  8  7 10 45 151
2002  8  7 11  0 151
2002  8  7 11 15 151
2002  8  7 11 30 151
2002  8  7 11 45 152
2002  8  7 12  0 152
2002  8  7 12 15 152
2002  8  7 12 30 152
2002  8  7 12 45 153
2002  8  7 13  0 153
2002  8  7 13 15 153
2002  8  7 13 30 153
2002  8  7 13 45 153
2002  8  7 14  0 153
2002  8  7 14 15 153
2002  8  7 14 30 153
2002  8  7 14 45 153
2002  8  7 15  0 153
2002  8  7 15 15 153
2002  8  7 15 30 153
2002  8  7 15 45 154
2002  8  7 16  0 154
2002  8  7 16 15 154
2002  8  7 16 30 154
2002  8  7 16 45 154
2002  8  7 17  0 154
2002  8  7 17 15 154
2002  8  7 17 30 155
2002  8  7 17 45 155
2002  8  7 18  0 155
2002  8  7 18 15 155
2002  8  7 18 30 155
2002  8  7 18 45 156
2002  8  7 19  0 156
2002  8  7 19 15 156
2002  8  7 19 30 156
2002  8  7 19 45 156
2002  8  7 20  0 156
2002  8  7 20 15 156
2002  8  7 20 30 156
2002  8  7 20 45 156
2002  8  7 21  0 156
2002  8  7 21 15 156
2002  8  7 21 30 156
2002  8  7 21 45 156
2002  8  7 22  0 157
2002  8  7 22 15 157
2002  8  7 22 30 157
2002  8  7 22 45 157
2002  8  7 23  0 157
2002  8  7 23 15 157
2002  8  7 23 30 157
2002  8  7 23 45 157
2002  8  8  0  0 157
2002  8  8  0 15 157
2002  8  8  0 30 157
2002  8  8  0 45 157
2002  8  8  1  0 157
2002  8  8  1 15 157
2002  8  8  1 30 157
2002  8  8  1 45 157
2002  8  8  2  0 157
2002  8  8  2 15 157
2002  8  8  2 30 157
2002  8  8  2 45 157
2002  8  8  3  0 157
2002  8  8  3 15 157
2002  8  8  3 30 157
2002  8  8  3 45 157
2002  8  8  4  0 157
2002  8  8  4 15 157
2002  8  8  4 30 157
2002  8  8  4 45 157
2002  8  8  5  0 157
2002  8  8  5 15 157
2002  8  8  5 30 157
2002  8  8  5 45 157
2002  8  8  6  0 157
2002  8  8  6 15 157
2002  8  8  6 30 157
2002  8  8  6 45 157
2002  8  8  7  0 156
2002  8  8  7 15 156
2002  8  8  7 30 156
2002  8  8  7 45 156
2002  8  8  8  0 156
2002  8  8  8 15 156
2002  8  8  8 30 156
2002  8  8  8 45 156
2002  8  8  9  0 156
2002  8  8  9 15 156
2002  8  8  9 30 156
2002  8  8  9 45 156
2002  8  8 10  0 155
2002  8  8 10 15 155
2002  8  8 10 30 155
2002  8  8 10 45 155
2002  8  8 11  0 155
2002  8  8 11 15 155
2002  8  8 11 30 155
2002  8  8 11 45 155
2002  8  8 12  0 155
2002  8  8 12 15 155
2002  8  8 12 30 155
2002  8  8 12 45 155
2002  8  8 13  0 155
2002  8  8 13 15 155
2002  8  8 13 30 155
2002  8  8 13 45 154
2002  8  8 14  0 154
2002  8  8 14 15 154
2002  8  8 14 30 154
2002  8  8 14 45 153
2002  8  8 15  0 153
2002  8  8 15 15 153
2002  8  8 15 30 153
2002  8  8 15 45 153
2002  8  8 16  0 153
2002  8  8 16 15 153
2002  8  8 16 30 153
2002  8  8 16 45 153
2002  8  8 17  0 152
2002  8  8 17 15 152
2002  8  8 17 30 153
2002  8  8 17 45 153
2002  8  8 18  0 153
2002  8  8 18 15 153
2002  8  8 18 30 153
2002  8  8 18 45 153
2002  8  8 19  0 153
2002  8  8 19 15 153
2002  8  8 19 30 153
2002  8  8 19 45 153
2002  8  8 20  0 153
2002  8  8 20 15 153
2002  8  8 20 30 153
2002  8  8 20 45 153
2002  8  8 21  0 153
2002  8  8 21 15 153
2002  8  8 21 30 153
2002  8  8 21 45 153
2002  8  8 22  0 153
2002  8  8 22 15 153
2002  8  8 22 30 153
2002  8  8 22 45 153
2002  8  8 23  0 154
2002  8  8 23 15 154
2002  8  8 23 30 154
2002  8  8 23 45 154
2002  8  9  0  0 154
2002  8  9  0 15 154
2002  8  9  0 30 154
2002  8  9  0 45 154
2002  8  9  1  0 154
2002  8  9  1 15 154
2002  8  9  1 30 154
2002  8  9  1 45 154
2002  8  9  2  0 154
2002  8  9  2 15 154
2002  8  9  2 30 154
2002  8  9  2 45 155
2002  8  9  3  0 155
2002  8  9  3 15 155
2002  8  9  3 30 155
2002  8  9  3 45 155
2002  8  9  4  0 155
2002  8  9  4 15 155
2002  8  9  4 30 155
2002  8  9  4 45 155
2002  8  9  5  0 155
2002  8  9  5 15 155
2002  8  9  5 30 155
2002  8  9  5 45 155
2002  8  9  6  0 155
2002  8  9  6 15 156
2002  8  9  6 30 156
2002  8  9  6 45 156
2002  8  9  7  0 156
2002  8  9  7 15 156
2002  8  9  7 30 156
2002  8  9  7 45 157
2002  8  9  8  0 157
2002  8  9  8 15 157
2002  8  9  8 30 157
2002  8  9  8 45 157
2002  8  9  9  0 157
2002  8  9  9 15 157
2002  8  9  9 30 157
2002  8  9  9 45 158
2002  8  9 10  0 158
2002  8  9 10 15 158
2002  8  9 10 30 158
2002  8  9 10 45 158
2002  8  9 11  0 159
2002  8  9 11 15 160
2002  8  9 11 30 159
2002  8  9 11 45 160
2002  8  9 12  0 160
2002  8  9 12 15 160
2002  8  9 12 30 161
2002  8  9 12 45 161
2002  8  9 13  0 161
2002  8  9 13 15 161
2002  8  9 13 30 162
2002  8  9 13 45 163
2002  8  9 14  0 163
2002  8  9 14 15 163
2002  8  9 14 30 163
2002  8  9 14 45 163
2002  8  9 15  0 164
2002  8  9 15 15 164
2002  8  9 15 30 165
2002  8  9 15 45 165
2002  8  9 16  0 166
2002  8  9 16 15 166
2002  8  9 16 30 166
2002  8  9 16 45 166
2002  8  9 17  0 167
2002  8  9 17 15 167
2002  8  9 17 30 167
2002  8  9 17 45 168
2002  8  9 18  0 168
2002  8  9 18 15 168
2002  8  9 18 30 169
2002  8  9 18 45 169
2002  8  9 19  0 169
2002  8  9 19 15 170
2002  8  9 19 30 170
2002  8  9 19 45 170
2002  8  9 20  0 171
2002  8  9 20 15 171
2002  8  9 20 30 172
2002  8  9 20 45 172
2002  8  9 21  0 172
2002  8  9 21 15 173
2002  8  9 21 30 173
2002  8  9 21 45 173
2002  8  9 22  0 174
2002  8  9 22 15 174
2002  8  9 22 30 174
2002  8  9 22 45 175
2002  8  9 23  0 175
2002  8  9 23 15 175
2002  8  9 23 30 176
2002  8  9 23 45 176
2002  8 10  0  0 176
2002  8 10  0 15 177
2002  8 10  0 30 177
2002  8 10  0 45 178
2002  8 10  1  0 178
2002  8 10  1 15 179
2002  8 10  1 30 179
2002  8 10  1 45 179
2002  8 10  2  0 180
2002  8 10  2 15 181
2002  8 10  2 30 181
2002  8 10  2 45 182
2002  8 10  3  0 182
2002  8 10  3 15 183
2002  8 10  3 30 184
2002  8 10  3 45 184
2002  8 10  4  0 185
2002  8 10  4 15 186
2002  8 10  4 30 186
2002  8 10  4 45 187
2002  8 10  5  0 188
2002  8 10  5 15 189
2002  8 10  5 30 190
2002  8 10  5 45 191
2002  8 10  6  0 191
2002  8 10  6 15 192
2002  8 10  6 30 193
2002  8 10  6 45 194
2002  8 10  7  0 195
2002  8 10  7 15 196
2002  8 10  7 30 197
2002  8 10  7 45 198
2002  8 10  8  0 199
2002  8 10  8 15 200
2002  8 10  8 30 201
2002  8 10  8 45 202
2002  8 10  9  0 203
2002  8 10  9 15 204
2002  8 10  9 30 205
2002  8 10  9 45 206
2002  8 10 10  0 207
2002  8 10 10 15 208
2002  8 10 10 30 210
2002  8 10 10 45 211
2002  8 10 11  0 212
2002  8 10 11 15 213
2002  8 10 11 30 214
2002  8 10 11 45 215
2002  8 10 12  0 217
2002  8 10 12 15 218
2002  8 10 12 30 219
2002  8 10 12 45 220
2002  8 10 13  0 221
2002  8 10 13 15 222
2002  8 10 13 30 223
2002  8 10 13 45 224
2002  8 10 14  0 226
2002  8 10 14 15 227
2002  8 10 14 30 228
2002  8 10 14 45 229
2002  8 10 15  0 230
2002  8 10 15 15 232
2002  8 10 15 30 233
2002  8 10 15 45 234
2002  8 10 16  0 235
2002  8 10 16 15 236
2002  8 10 16 30 237
2002  8 10 16 45 238
2002  8 10 17  0 240
2002  8 10 17 15 242
2002  8 10 17 30 243
2002  8 10 17 45 245
2002  8 10 18  0 246
2002  8 10 18 15 247
2002  8 10 18 30 248
2002  8 10 18 45 249
2002  8 10 19  0 251
2002  8 10 19 15 252
2002  8 10 19 30 253
2002  8 10 19 45 255
2002  8 10 20  0 256
2002  8 10 20 15 256
2002  8 10 20 30 258
2002  8 10 20 45 259
2002  8 10 21  0 260
2002  8 10 21 15 262
2002  8 10 21 30 263
2002  8 10 21 45 264
2002  8 10 22  0 266
2002  8 10 22 15 267
2002  8 10 22 30 268
2002  8 10 22 45 270
2002  8 10 23  0 271
2002  8 10 23 15 272
2002  8 10 23 30 274
2002  8 10 23 45 275
2002  8 11  0  0 277
2002  8 11  0 15 278
2002  8 11  0 30 279
2002  8 11  0 45 281
2002  8 11  1  0 282
2002  8 11  1 15 283
2002  8 11  1 30 285
2002  8 11  1 45 286
2002  8 11  2  0 288
2002  8 11  2 15 289
2002  8 11  2 30 291
2002  8 11  2 45 292
2002  8 11  3  0 294
2002  8 11  3 15 295
2002  8 11  3 30 297
2002  8 11  3 45 298
2002  8 11  4  0 299
2002  8 11  4 15 301
2002  8 11  4 30 302
2002  8 11  4 45 304
2002  8 11  5  0 305
2002  8 11  5 15 307
2002  8 11  5 30 308
2002  8 11  5 45 309
2002  8 11  6  0 311
2002  8 11  6 15 312
2002  8 11  6 30 314
2002  8 11  6 45 315
2002  8 11  7  0 316
2002  8 11  7 15 318
2002  8 11  7 30 319
2002  8 11  7 45 320
2002  8 11  8  0 322
2002  8 11  8 15 323
2002  8 11  8 30 325
2002  8 11  8 45 326
2002  8 11  9  0 327
2002  8 11  9 15 328
2002  8 11  9 30 329
2002  8 11  9 45 331
2002  8 11 10  0 332
2002  8 11 10 15 333
2002  8 11 10 30 334
2002  8 11 10 45 335
2002  8 11 11  0 337
2002  8 11 11 15 338
2002  8 11 11 30 339
2002  8 11 11 45 340
2002  8 11 12  0 341
2002  8 11 12 15 342
2002  8 11 12 30 344
2002  8 11 12 45 345
2002  8 11 13  0 346
2002  8 11 13 15 347
2002  8 11 13 30 348
2002  8 11 13 45 349
2002  8 11 14  0 350
2002  8 11 14 15 351
2002  8 11 14 30 352
2002  8 11 14 45 353
2002  8 11 15  0 354
2002  8 11 15 15 355
2002  8 11 15 30 356
2002  8 11 15 45 357
2002  8 11 16  0 358
2002  8 11 16 15 359
2002  8 11 16 30 361
2002  8 11 16 45 361
2002  8 11 17  0 362
2002  8 11 17 15 363
2002  8 11 17 30 364
2002  8 11 17 45 365
2002  8 11 18  0 365
2002  8 11 18 15 366
2002  8 11 18 30 367
2002  8 11 18 45 368
2002  8 11 19  0 369
2002  8 11 19 15 370
2002  8 11 19 30 370
2002  8 11 19 45 371
2002  8 11 20  0 372
2002  8 11 20 15 373
2002  8 11 20 30 374
2002  8 11 20 45 374
2002  8 11 21  0 375
2002  8 11 21 15 376
2002  8 11 21 30 377
2002  8 11 21 45 378
2002  8 11 22  0 378
2002  8 11 22 15 379
2002  8 11 22 30 380
2002  8 11 22 45 380
2002  8 11 23  0 381
2002  8 11 23 15 382
2002  8 11 23 30 382
2002  8 11 23 45 383
2002  8 12  0  0 384
2002  8 12  0 15 385
2002  8 12  0 30 385
2002  8 12  0 45 386
2002  8 12  1  0 386
2002  8 12  1 15 387
2002  8 12  1 30 387
2002  8 12  1 45 388
2002  8 12  2  0 389
2002  8 12  2 15 389
2002  8 12  2 30 390
2002  8 12  2 45 391
2002  8 12  3  0 391
2002  8 12  3 15 392
2002  8 12  3 30 393
2002  8 12  3 45 393
2002  8 12  4  0 394
2002  8 12  4 15 395
2002  8 12  4 30 396
2002  8 12  4 45 397
2002  8 12  5  0 397
2002  8 12  5 15 398
2002  8 12  5 30 399
2002  8 12  5 45 399
2002  8 12  6  0 400
2002  8 12  6 15 401
2002  8 12  6 30 401
2002  8 12  6 45 402
2002  8 12  7  0 403
2002  8 12  7 15 404
2002  8 12  7 30 404
2002  8 12  7 45 405
2002  8 12  8  0 406
2002  8 12  8 15 406
2002  8 12  8 30 407
2002  8 12  8 45 407
2002  8 12  9  0 408
2002  8 12  9 15 409
2002  8 12  9 30 410
2002  8 12  9 45 410
2002  8 12 10  0 411
2002  8 12 10 15 412
2002  8 12 10 30 412
2002  8 12 10 45 413
2002  8 12 11  0 414
2002  8 12 11 15 414
2002  8 12 11 30 415
2002  8 12 11 45 415
2002  8 12 12  0 416
2002  8 12 12 15 416
2002  8 12 12 30 417
2002  8 12 12 45 418
2002  8 12 13  0 418
2002  8 12 13 15 419
2002  8 12 13 30 420
2002  8 12 13 45 420
2002  8 12 14  0 420
2002  8 12 14 15 421
2002  8 12 14 30 422
2002  8 12 14 45 422
2002  8 12 15  0 423
2002  8 12 15 15 423
2002  8 12 15 30 424
2002  8 12 15 45 424
2002  8 12 16  0 424
2002  8 12 16 15 425
2002  8 12 16 30 425
2002  8 12 16 45 426
2002  8 12 17  0 426
2002  8 12 17 15 426
2002  8 12 17 30 426
2002  8 12 17 45 427
2002  8 12 18  0 427
2002  8 12 18 15 427
2002  8 12 18 30 427
2002  8 12 18 45 428
2002  8 12 19  0 428
2002  8 12 19 15 428
2002  8 12 19 30 428
2002  8 12 19 45 429
2002  8 12 20  0 429
2002  8 12 20 15 429
2002  8 12 20 30 429
2002  8 12 20 45 430
2002  8 12 21  0 430
2002  8 12 21 15 430
2002  8 12 21 30 431
2002  8 12 21 45 431
2002  8 12 22  0 431
2002  8 12 22 15 432
2002  8 12 22 30 432
2002  8 12 22 45 432
2002  8 12 23  0 433
2002  8 12 23 15 433
2002  8 12 23 30 433
2002  8 12 23 45 433
2002  8 13  0  0 433
2002  8 13  0 15 433
2002  8 13  0 30 434
2002  8 13  0 45 434
2002  8 13  1  0 434
2002  8 13  1 15 434
2002  8 13  1 30 434
2002  8 13  1 45 435
2002  8 13  2  0 435
2002  8 13  2 15 435
2002  8 13  2 30 435
2002  8 13  2 45 436
2002  8 13  3  0 436
2002  8 13  3 15 436
2002  8 13  3 30 436
2002  8 13  3 45 436
2002  8 13  4  0 436
2002  8 13  4 15 437
2002  8 13  4 30 437
2002  8 13  4 45 437
2002  8 13  5  0 438
2002  8 13  5 15 438
2002  8 13  5 30 438
2002  8 13  5 45 438
2002  8 13  6  0 439
2002  8 13  6 15 439
2002  8 13  6 30 440
2002  8 13  6 45 440
2002  8 13  7  0 441
2002  8 13  7 15 441
2002  8 13  7 30 442
2002  8 13  7 45 442
2002  8 13  8  0 442
2002  8 13  8 15 443
2002  8 13  8 30 444
2002  8 13  8 45 444
2002  8 13  9  0 445
2002  8 13  9 15 445
2002  8 13  9 30 446
2002  8 13  9 45 447
2002  8 13 10  0 447
2002  8 13 10 15 448
2002  8 13 10 30 449
2002  8 13 10 45 449
2002  8 13 11  0 450
2002  8 13 11 15 451
2002  8 13 11 30 451
2002  8 13 11 45 452
2002  8 13 12  0 453
2002  8 13 12 15 454
2002  8 13 12 30 454
2002  8 13 12 45 455
2002  8 13 13  0 455
2002  8 13 13 15 456
2002  8 13 13 30 457
2002  8 13 13 45 458
2002  8 13 14  0 458
2002  8 13 14 15 458
2002  8 13 14 30 459
2002  8 13 14 45 460
2002  8 13 15  0 460
2002  8 13 15 15 461
2002  8 13 15 30 461
2002  8 13 15 45 462
2002  8 13 16  0 462
2002  8 13 16 15 463
2002  8 13 16 30 463
2002  8 13 16 45 464
2002  8 13 17  0 464
2002  8 13 17 15 465
2002  8 13 17 30 466
2002  8 13 17 45 466
2002  8 13 18  0 467
2002  8 13 18 15 467
2002  8 13 18 30 468
2002  8 13 18 45 468
2002  8 13 19  0 469
2002  8 13 19 15 469
2002  8 13 19 30 469
2002  8 13 19 45 470
2002  8 13 20  0 470
2002  8 13 20 15 471
2002  8 13 20 30 471
2002  8 13 20 45 472
2002  8 13 21  0 472
2002  8 13 21 15 473
2002  8 13 21 30 473
2002  8 13 21 45 473
2002  8 13 22  0 474
2002  8 13 22 15 474
2002  8 13 22 30 474
2002  8 13 22 45 475
2002  8 13 23  0 475
2002  8 13 23 15 476
2002  8 13 23 30 476
2002  8 13 23 45 477
2002  8 14  0  0 477
2002  8 14  0 15 478
2002  8 14  0 30 478
2002  8 14  0 45 479
2002  8 14  1  0 479
2002  8 14  1 15 479
2002  8 14  1 30 480
2002  8 14  1 45 480
2002  8 14  2  0 481
2002  8 14  2 15 481
2002  8 14  2 30 482
2002  8 14  2 45 483
2002  8 14  3  0 483
2002  8 14  3 15 484
2002  8 14  3 30 484
2002  8 14  3 45 484
2002  8 14  4  0 485
2002  8 14  4 15 486
2002  8 14  4 30 487
2002  8 14  4 45 487
2002  8 14  5  0 487
2002  8 14  5 15 489
2002  8 14  5 30 489
2002  8 14  5 45 489
2002  8 14  6  0 490
2002  8 14  6 15 491
2002  8 14  6 30 492
2002  8 14  6 45 492
2002  8 14  7  0 493
2002  8 14  7 15 494
2002  8 14  7 30 494
2002  8 14  7 45 495
2002  8 14  8  0 496
2002  8 14  8 15 497
2002  8 14  8 30 497
2002  8 14  8 45 498
2002  8 14  9  0 499
2002  8 14  9 15 500
2002  8 14  9 30 501
2002  8 14  9 45 502
2002  8 14 10  0 502
2002  8 14 10 15 503
2002  8 14 10 30 504
2002  8 14 10 45 504
2002  8 14 11  0 505
2002  8 14 11 15 506
2002  8 14 11 30 507
2002  8 14 11 45 507
2002  8 14 12  0 508
2002  8 14 12 15 508
2002  8 14 12 30 509
2002  8 14 12 45 510
2002  8 14 13  0 511
2002  8 14 13 15 511
2002  8 14 13 30 512
2002  8 14 13 45 513
2002  8 14 14  0 514
2002  8 14 14 15 514
2002  8 14 14 30 515
2002  8 14 14 45 516
2002  8 14 15  0 516
2002  8 14 15 15 517
2002  8 14 15 30 518
2002  8 14 15 45 519
2002  8 14 16  0 519
2002  8 14 16 15 520
2002  8 14 16 30 521
2002  8 14 16 45 522
2002  8 14 17  0 522
2002  8 14 17 15 523
2002  8 14 17 30 524
2002  8 14 17 45 524
2002  8 14 18  0 525
2002  8 14 18 15 526
2002  8 14 18 30 527
2002  8 14 18 45 528
2002  8 14 19  0 529
2002  8 14 19 15 529
2002  8 14 19 30 530
2002  8 14 19 45 531
2002  8 14 20  0 533
2002  8 14 20 15 534
2002  8 14 20 30 535
2002  8 14 20 45 537
2002  8 14 21  0 538
2002  8 14 21 15 540
2002  8 14 21 30 542
2002  8 14 21 45 544
2002  8 14 22  0 546
2002  8 14 22 15 548
2002  8 14 22 30 550
2002  8 14 22 45 553
2002  8 14 23  0 555
2002  8 14 23 15 558
2002  8 14 23 30 560
2002  8 14 23 45 563
2002  8 15  0  0 565
2002  8 15  0 15 568
2002  8 15  0 30 571
2002  8 15  0 45 574
2002  8 15  1  0 576
2002  8 15  1 15 579
2002  8 15  1 30 582
2002  8 15  1 45 583
2002  8 15  2  0 586
2002  8 15  2 15 588
2002  8 15  2 30 590
2002  8 15  2 45 593
2002  8 15  3  0 595
2002  8 15  3 15 597
2002  8 15  3 30 599
2002  8 15  3 45 601
2002  8 15  4  0 603
2002  8 15  4 15 605
2002  8 15  4 30 608
2002  8 15  4 45 609
2002  8 15  5  0 612
2002  8 15  5 15 614
2002  8 15  5 30 616
2002  8 15  5 45 617
2002  8 15  6  0 619
2002  8 15  6 15 621
2002  8 15  6 30 623
2002  8 15  6 45 624
2002  8 15  7  0 626
2002  8 15  7 15 628
2002  8 15  7 30 629
2002  8 15  7 45 631
2002  8 15  8  0 632
2002  8 15  8 15 634
2002  8 15  8 30 635
2002  8 15  8 45 636
2002  8 15  9  0 620
2002  8 15  9  0 638
2002  8 15  9 15 639
2002  8 15 11  0 621
2002  8 15 12 30 653
2002  8 15 15  0 658
2002  8 15 16  0 661
2002  8 15 19  0 673
2002  8 15 21  0 674
2002  8 15 22  0 672
2002  8 15 23  0 672
2002  8 16  0  0 672
2002  8 16  1  0 672
2002  8 16  2  0 672
2002  8 16  3 30 672
2002  8 16  4  0 672
2002  8 16  5  0 672
2002  8 16  6  0 672
2002  8 16  7  0 671
2002  8 16  8  0 670
2002  8 16  9  0 669
2002  8 16 10  0 670
2002  8 16 11  0 668
2002  8 16 12  0 668
2002  8 16 13  0 667
2002  8 16 14  0 666
2002  8 16 15  0 666
2002  8 16 16  0 666
2002  8 16 17  0 665
2002  8 16 18  0 665
2002  8 16 19  0 666
2002  8 16 20  0 666
2002  8 16 21  0 666
2002  8 16 22  0 666
2002  8 16 23  0 666
2002  8 17  0  0 666
2002  8 17  1  0 667
2002  8 17  2  0 667
2002  8 17  3  0 667
2002  8 17  4  0 668
2002  8 17  5  0 667
2002  8 17  5  0 669
2002  8 17  6  0 667
2002  8 17  7  0 667
2002  8 17  8  0 668
2002  8 17  9  0 668
2002  8 17 10  0 668
2002  8 17 11  0 668
2002  8 17 12  0 669
2002  8 17 13  0 669
2002  8 17 14  0 669
2002  8 17 15  0 669
2002  8 17 16  0 670
2002  8 17 17  0 672
2002  8 17 18  0 673
2002  8 17 19  0 675
2002  8 17 20  0 677
2002  8 17 21  0 678
2002  8 17 22  0 680
2002  8 17 23  0 682
2002  8 18  0  0 684
2002  8 18  1  0 686
2002  8 18  2  0 688
2002  8 18  3  0 690
2002  8 18  4  0 692
2002  8 18  5  0 695
2002  8 18  6  0 697
2002  8 18  7  0 700
2002  8 18  8  0 702
2002  8 18  9  0 705
2002  8 18 10  0 706
2002  8 18 11  0 706
2002  8 18 12  0 709
2002  8 18 13  0 709
2002  8 18 14  0 710
2002  8 18 15  0 710
2002  8 18 16  0 711
2002  8 18 17  0 712
2002  8 18 18  0 713
2002  8 18 19  0 713
2002  8 18 20  0 715
2002  8 18 21  0 715
2002  8 18 22  0 716
2002  8 18 23  0 716
2002  8 19  0  0 716
2002  8 19  1  0 716
2002  8 19  2  0 716
2002  8 19  3  0 716
2002  8 19  4  0 715
2002  8 19  5  0 714
2002  8 19  6  0 712
2002  8 19  7  0 711
2002  8 19  8  0 710
2002  8 19  9  0 710
2002  8 19 10  0 709
2002  8 19 11  0 708
2002  8 19 12  0 707
2002  8 19 13  0 706
2002  8 19 14  0 705
2002  8 19 15  0 704
2002  8 19 16  0 703
2002  8 19 17  0 702
2002  8 19 18  0 701
2002  8 19 19  0 700
2002  8 19 20  0 698
2002  8 19 21  0 697
2002  8 19 22  0 696
2002  8 19 23  0 694
2002  8 20  0  0 693
2002  8 20  1  0 692
2002  8 20  2  0 691
2002  8 20  3  0 690
2002  8 20  4  0 688
2002  8 20  5  0 687
2002  8 20  6  0 686
2002  8 20  7  0 684
2002  8 20  8  0 683
2002  8 20  9  0 681
2002  8 20 10  0 679
2002  8 20 11  0 677
2002  8 20 12  0 676
2002  8 20 13  0 676
2002  8 20 14  0 674
2002  8 20 15  0 674
2002  8 20 16  0 673
2002  8 20 17  0 671
2002  8 20 18  0 669
2002  8 20 19  0 667
2002  8 20 20  0 667
2002  8 20 21  0 665
2002  8 20 22  0 664
2002  8 20 23  0 662
2002  8 21  0  0 661
2002  8 21  1  0 660
2002  8 21  2  0 658
2002  8 21  3  0 657
2002  8 21  4  0 656
2002  8 21  5  0 655
2002  8 21  6  0 655
2002  8 21  7  0 654
2002  8 21  8  0 654
2002  8 21  9  0 653
2002  8 21 10  0 652
2002  8 21 11  0 652
2002  8 21 12  0 650
2002  8 21 13  0 649
2002  8 21 14  0 649
2002  8 21 15  0 648
2002  8 21 16  0 648
2002  8 21 17  0 648
2002  8 21 18  0 647
2002  8 21 19  0 647
2002  8 22  0 15 645
2002  8 22  0 30 645
2002  8 22  0 45 645
2002  8 22  1  0 645
2002  8 22  1 15 645
2002  8 22  1 30 644
2002  8 22  1 45 644
2002  8 22  2  0 644
2002  8 22  2 15 644
2002  8 22  2 30 644
2002  8 22  2 45 644
2002  8 22  3  0 644
2002  8 22  3 15 643
2002  8 22  3 30 643
2002  8 22  3 45 643
2002  8 22  4  0 643
2002  8 22  4 15 643
2002  8 22  4 30 643
2002  8 22  4 45 642
2002  8 22  5  0 642
2002  8 22  5 15 642
2002  8 22  5 30 642
2002  8 22  5 45 642
2002  8 22  6  0 641
2002  8 22  6 15 641
2002  8 22  6 30 641
2002  8 22  6 45 641
2002  8 22  7  0 640
2002  8 22  7 15 640
2002  8 22  7 30 640
2002  8 22  7 45 640
2002  8 22  8  0 639
2002  8 22  8 15 639
2002  8 22  8 30 639
2002  8 22  8 45 639
2002  8 22  9  0 638
2002  8 22  9 15 638
2002  8 22  9 30 637
2002  8 22  9 45 638
2002  8 22 10  0 637
2002  8 22 10 15 636
2002  8 22 10 30 636
2002  8 22 10 45 636
2002  8 22 11  0 636
2002  8 22 11 15 635
2002  8 22 11 30 635
2002  8 22 11 45 634
2002  8 22 12  0 634
2002  8 22 12 15 634
2002  8 22 12 30 634
2002  8 22 12 45 633
2002  8 22 13  0 633
2002  8 22 13 30 632
2002  8 22 13 45 632
2002  8 22 14  0 632
2002  8 22 14 15 632
2002  8 22 14 30 631
2002  8 22 14 45 630
2002  8 22 15  0 630
2002  8 22 15 15 629
2002  8 22 15 30 629
2002  8 22 15 45 629
2002  8 22 16  0 629
2002  8 22 16 15 628
2002  8 22 16 30 628
2002  8 22 16 45 628
2002  8 22 17  0 627
2002  8 22 17 15 627
2002  8 22 17 30 627
2002  8 22 17 45 627
2002  8 22 18  0 626
2002  8 22 18 15 625
2002  8 22 18 30 625
2002  8 22 18 45 625
2002  8 22 19  0 624
2002  8 22 19 15 624
2002  8 22 19 30 623
2002  8 22 19 45 623
2002  8 22 20  0 623
2002  8 22 20 15 622
2002  8 22 20 30 622
2002  8 22 20 45 621
2002  8 22 21  0 621
2002  8 22 21 15 620
2002  8 22 21 30 620
2002  8 22 21 45 620
2002  8 22 22  0 619
2002  8 22 22 15 619
2002  8 22 22 30 619
2002  8 22 22 45 618
2002  8 22 23  0 618
2002  8 22 23 15 617
2002  8 22 23 30 617
2002  8 22 23 45 617
2002  8 23  0  0 617
2002  8 23  1  0 613
2002  8 23  2  0 611
2002  8 23  3  0 610
2002  8 23  4  0 608
2002  8 23  5  0 607
2002  8 23  6  0 605
2002  8 23  7  0 604
2002  8 23  8  0 603
2002  8 23  9  0 601
2002  8 23 10  0 600
2002  8 23 11  0 600
2002  8 23 12  0 599
2002  8 23 13  0 596
2002  8 23 14  0 594
2002  8 23 14  0 596
2002  8 23 15  0 593
2002  8 23 16  0 594
2002  8 23 16  0 596
2002  8 24  1  0 580
2002  8 24  2  0 579
2002  8 24  3  0 578
2002  8 24  4  0 577
2002  8 24  5  0 576
2002  8 24  6  0 575
2002  8 24  7  0 573
2002  8 24  8  0 573
2002  8 24  9  0 572
2002  8 24 10  0 570
2002  8 24 11  0 569
2002  8 24 12  0 568
2002  8 24 13  0 566
2002  8 24 14  0 565
2002  8 24 15  0 564
2002  8 24 16  0 563
2002  8 24 17  0 561
2002  8 24 18  0 560
2002  8 24 19  0 559
2002  8 24 20  0 559
2002  8 24 21  0 556
2002  8 25  5  0 548
2002  8 26  0 15 527
2002  8 26  0 30 527
2002  8 26  0 45 527
2002  8 26  1  0 527
2002  8 26  1 15 526
2002  8 26  1 30 526
2002  8 26  1 45 525
2002  8 26  2  0 525
2002  8 26  2 15 525
2002  8 26  2 30 525
2002  8 26  2 45 524
2002  8 26  3  0 524
2002  8 26  3 15 524
2002  8 26  3 30 523
2002  8 26  3 45 523
2002  8 26  4  0 523
2002  8 26  4 15 522
2002  8 26  4 30 522
2002  8 26  4 45 522
2002  8 26  5  0 522
2002  8 26  5 15 521
2002  8 26  5 30 521
2002  8 26  5 45 521
2002  8 26  6  0 520
2002  8 26  6 15 520
2002  8 26  6 30 519
2002  8 26  6 45 519
2002  8 26  7  0 519
2002  8 26  7 15 518
2002  8 26  7 30 518
2002  8 26  7 45 518
2002  8 26  8  0 517
2002  8 26  8 15 517
2002  8 26  8 30 517
2002  8 26  8 45 516
2002  8 26  9  0 516
2002  8 26  9 15 516
2002  8 26  9 30 516
2002  8 26  9 45 515
2002  8 26 10  0 515
2002  8 26 10 15 515
2002  8 26 10 30 514
2002  8 26 10 45 515
2002  8 26 11  0 514
2002  8 26 11 15 514
2002  8 26 11 30 513
2002  8 26 11 45 513
2002  8 26 12  0 513
2002  8 26 12 15 513
2002  8 26 12 30 512
2002  8 26 12 45 512
2002  8 26 13  0 511
2002  8 26 13 15 511
2002  8 26 13 30 511
2002  8 26 13 45 511
2002  8 26 14  0 510
2002  8 26 14 15 510
2002  8 26 14 30 510
2002  8 26 14 45 509
2002  8 26 15  0 509
2002  8 26 15 15 509
2002  8 26 15 30 509
2002  8 26 15 45 508
2002  8 26 16  0 508
2002  8 26 16 15 508
2002  8 26 16 30 507
2002  8 26 16 45 507
2002  8 26 17  0 507
2002  8 26 17 15 507
2002  8 26 17 30 506
2002  8 26 17 45 506
2002  8 26 18  0 506
2002  8 26 18 15 505
2002  8 26 18 30 505
2002  8 26 18 45 505
2002  8 26 19  0 504
2002  8 26 19 15 504
2002  8 26 19 30 504
2002  8 26 19 45 504
2002  8 26 20  0 504
2002  8 26 20 15 503
2002  8 26 20 30 503
2002  8 26 20 45 503
2002  8 26 21  0 502
2002  8 26 21 15 502
2002  8 26 21 30 502
2002  8 26 21 45 501
2002  8 26 22  0 501
2002  8 26 22 15 500
2002  8 26 22 30 500
2002  8 26 22 45 500
2002  8 26 23  0 500
2002  8 26 23 15 499
2002  8 26 23 30 499
2002  8 26 23 45 499
2002  8 27  0  0 499
2002  8 27  0 15 498
2002  8 27  0 30 498
2002  8 27  0 45 498
2002  8 27  1  0 497
2002  8 27  1 15 497
2002  8 27  1 30 497
2002  8 27  1 45 497
2002  8 27  2  0 496
2002  8 27  2 15 496
2002  8 27  2 30 496
2002  8 27  2 45 495
2002  8 27  3  0 495
2002  8 27  3 15 495
2002  8 27  3 30 495
2002  8 27  3 45 494
2002  8 27  4  0 494
2002  8 27  4 15 494
2002  8 27  4 30 494
2002  8 27  4 45 493
2002  8 27  5  0 493
2002  8 27  5 15 493
2002  8 27  5 30 492
2002  8 27  5 45 492
2002  8 27  6  0 492
2002  8 27  6 15 492
2002  8 27  6 30 492
2002  8 27  6 45 491
2002  8 27  7  0 491
2002  8 27  7 15 490
2002  8 27  7 30 490
2002  8 27  7 45 490
2002  8 27  8  0 490
2002  8 27  8 15 489
2002  8 27  8 30 489
2002  8 27  8 45 489
2002  8 27  9  0 489
2002  8 27  9 15 488
2002  8 27  9 30 488
2002  8 27  9 45 488
2002  8 27 10  0 488
2002  8 27 10 15 487
2002  8 27 10 30 487
2002  8 27 10 45 487
2002  8 27 11  0 487
2002  8 27 11 15 487
2002  8 27 11 30 486
2002  8 27 11 45 486
2002  8 27 12  0 486
2002  8 27 12 15 485
2002  8 27 12 30 485
2002  8 27 12 45 485
2002  8 27 13  0 485
2002  8 27 13 15 484
2002  8 27 13 30 484
2002  8 27 13 45 484
2002  8 27 14  0 484
2002  8 27 14 15 484
2002  8 27 14 30 484
2002  8 27 14 45 483
2002  8 29  0 15 3741
2002  8 29  0 30 3742
2002  8 29  0 45 3742
2002  8 29  1  0 3741
2002  8 29  1 15 3741
2002  8 29  1 30 3741
2002  8 29  1 45 3742
2002  8 29  2  0 3742
2002  8 29  2 15 3742
2002  8 29  2 30 3741
2002  8 29  2 45 3741
2002  8 29  3  0 3742
2002  8 29  3 15 3742
2002  8 29  3 30 3742
2002  8 29  3 45 3742
2002  8 29  4  0 3742
2002  8 29  4 15 3742
2002  8 29  4 30 3746
2002  8 29  4 45 3749
2002  8 29  5  0 3745
2002  8 29  5 15 3739
2002  8 29  5 30 3740
2002  8 29  5 45 3746
2002  8 29  6  0 3747
2002  8 29  6 15 3745
2002  8 29  6 30 3742
2002  8 29  6 45 3742
2002  8 29  7  0 3742
2002  8 29  7 15 3744
2002  8 29  7 30 3744
2002  8 29  7 45 3743
2002  8 29  8  0 3742
2002  8 29  8 15 3741
2002  8 29  8 30 3742
2002  8 29  8 45 3742
2002  8 29  9  0 3743
2002  8 29  9 15 3743
2002  8 29  9 30 3742
2002  8 29  9 45 3742
2002  8 29 10  0 3741
2002  8 29 10 15 3741
2002  8 29 10 30 3741
2002  8 29 10 45 3742
2002  8 29 11  0 3742
2002  8 29 11 15 3742
2002  8 29 11 30 3741
2002  8 29 11 45 3740
2002  8 29 12  0 3743
2002  8 29 12 15 3743
2002  8 29 12 30 3742
2002  8 29 12 45 3740
2002  8 29 13  0 3740
2002  8 29 13 15 3741
2002  8 29 13 30 3742
2002  8 29 13 45 3739
2002  8 29 14  0 3737
2002  8 29 14 15 3740
2002  8 29 14 30 3740
2002  8 29 14 45 3740
2002  8 29 15  0 3740
2002  8 29 15 15 3739
2002  8 29 15 30 3741
2002  8 29 15 45 3484
2002  8 29 16  0 3740
2002  8 29 16 15 3740
2002  8 29 16 30 3739
2002  8 29 16 45 3738
2002  8 29 17  0 3738
2002  8 29 17 15 3741
2002  8 29 17 30 3740
2002  8 29 17 45 3737
2002  8 29 18  0 3738
2002  8 29 18 15 3739
2002  8 29 18 30 3739
2002  8 29 18 45 3738
2002  8 29 19  0 3738
2002  8 29 19 15 3736
2002  8 29 19 30 3735
2002  8 29 19 45 3736
2002  8 29 20  0 3736
2002  8 29 20 15 3736
2002  8 29 20 30 3735
2002  8 29 20 45 3737
2002  8 29 21  0 3738
2002  8 29 21 15 3737
2002  8 29 21 30 3737
2002  8 29 21 45 3737
2002  8 29 22  0 3738
2002  8 29 22 15 3738
2002  8 29 22 30 3738
2002  8 29 22 45 3738
2002  8 29 23  0 3738
2002  8 29 23 15 3738
2002  8 29 23 30 3738
2002  8 29 23 45 3739
2002  8 30  0  0 3739
